"instance_id","algorithm"
"SAT-Race-2010-CNF/cryptography/desgen/gss-16-s100.cnf","lingeling"
"SAT-Race-2010-CNF/cryptography/desgen/gss-19-s100.cnf","lingeling"
"SAT-Race-2010-CNF/cryptography/desgen/gss-20-s100.cnf","lingeling"
"SAT-Race-2010-CNF/cryptography/desgen/gss-31-s100.cnf","lingeling"
"SAT-Race-2010-CNF/cryptography/md5gen/gus-md5-07.cnf","lingeling"
"SAT-Race-2010-CNF/cryptography/md5gen/gus-md5-09.cnf","lingeling"
"SAT-Race-2010-CNF/cryptography/md5gen/gus-md5-10.cnf","lingeling"
"SAT-Race-2010-CNF/cryptography/mizh/md5_47_4.cnf","lingeling"
"SAT-Race-2010-CNF/cryptography/mizh/md5_48_1.cnf","lingeling"
"SAT-Race-2010-CNF/cryptography/mizh/md5_48_3.cnf","lingeling"
"SAT-Race-2010-CNF/cryptography/mizh/sha0_35_1.cnf","lingeling"
"SAT-Race-2010-CNF/cryptography/mizh/sha0_35_2.cnf","lingeling"
"SAT-Race-2010-CNF/cryptography/mizh/sha0_35_3.cnf","lingeling"
"SAT-Race-2010-CNF/cryptography/mizh/sha0_35_4.cnf","lingeling"
"SAT-Race-2010-CNF/cryptography/mizh/sha0_36_5.cnf","lingeling"
"SAT-Race-2010-CNF/hardware-verification/ibm/2004_rb10Sd.k85.cnf","lingeling"
"SAT-Race-2010-CNF/hardware-verification/ibm/SAT_dat.k100.cnf","lingeling"
"SAT-Race-2010-CNF/hardware-verification/ibm/SAT_dat.k45.cnf","lingeling"
"SAT-Race-2010-CNF/hardware-verification/ibm/SAT_dat.k50.cnf","lingeling"
"SAT-Race-2010-CNF/hardware-verification/manolios/c10id_i.cnf","lingeling"
"SAT-Race-2010-CNF/hardware-verification/manolios/c10idw_i.cnf","lingeling"
"SAT-Race-2010-CNF/hardware-verification/manolios/c10ni_s.cnf","lingeling"
"SAT-Race-2010-CNF/hardware-verification/manolios/c6n.cnf","lingeling"
"SAT-Race-2010-CNF/hardware-verification/manolios/c7bidw.cnf","lingeling"
"SAT-Race-2010-CNF/hardware-verification/manolios/c7bidw_i.cnf","lingeling"
"SAT-Race-2010-CNF/hardware-verification/manolios/c7n.cnf","lingeling"
"SAT-Race-2010-CNF/hardware-verification/manolios/c8idw_s.cnf","lingeling"
"SAT-Race-2010-CNF/hardware-verification/manolios/c8n_i.cnf","lingeling"
"SAT-Race-2010-CNF/hardware-verification/manolios/c9b_i.cnf","lingeling"
"SAT-Race-2010-CNF/hardware-verification/manolios/c9idw.cnf","lingeling"
"SAT-Race-2010-CNF/hardware-verification/manolios/f6bid.cnf","lingeling"
"SAT-Race-2010-CNF/hardware-verification/manolios/f7idw.cnf","lingeling"
"SAT-Race-2010-CNF/hardware-verification/manolios/f7nidw.cnf","lingeling"
"SAT-Race-2010-CNF/hardware-verification/manolios/g7nidw.cnf","lingeling"
"SAT-Race-2010-CNF/hardware-verification/manolios/g9bidw.cnf","lingeling"
"SAT-Race-2010-CNF/hardware-verification/velev/11pipe_11_ooo.cnf","lingeling"
"SAT-Race-2010-CNF/hardware-verification/velev/11pipe_k.cnf","lingeling"
"SAT-Race-2010-CNF/hardware-verification/velev/12pipe_bug8.cnf","lingeling"
"SAT-Race-2010-CNF/hardware-verification/velev/12pipe_q0_k.cnf","lingeling"
"SAT-Race-2010-CNF/hardware-verification/velev/16pipe_16_ooo.cnf","lingeling"
"SAT-Race-2010-CNF/hardware-verification/velev/1dlx_c_iq46_a.cnf","lingeling"
"SAT-Race-2010-CNF/hardware-verification/velev/1dlx_c_iq57_a.cnf","lingeling"
"SAT-Race-2010-CNF/hardware-verification/velev/1dlx_c_iq60_a.cnf","lingeling"
"SAT-Race-2010-CNF/hardware-verification/velev/2dlx_ca_bp_f_liveness.cnf","lingeling"
"SAT-Race-2010-CNF/hardware-verification/velev/9dlx_vliw_at_b_iq9.cnf","lingeling"
"SAT-Race-2010-CNF/mixed/anbulagan/dated-10-13-s.cnf","lingeling"
"SAT-Race-2010-CNF/mixed/anbulagan/dated-10-13-u.cnf","lingeling"
"SAT-Race-2010-CNF/mixed/anbulagan/dated-10-19-u.cnf","lingeling"
"SAT-Race-2010-CNF/mixed/anbulagan/dated-5-11-u.cnf","lingeling"
"SAT-Race-2010-CNF/mixed/anbulagan/dated-5-13-u.cnf","lingeling"
"SAT-Race-2010-CNF/mixed/anbulagan/dated-5-15-u.cnf","lingeling"
"SAT-Race-2010-CNF/mixed/anbulagan/partial-5-17-u.cnf","lingeling"
"SAT-Race-2010-CNF/mixed/anbulagan/total-10-19-s.cnf","lingeling"
"SAT-Race-2010-CNF/mixed/bioinf/ndhf_xits_13_UNSAT.cnf","lingeling"
"SAT-Race-2010-CNF/mixed/bioinf/q_query_2_L324_coli.cnf","lingeling"
"SAT-Race-2010-CNF/mixed/bioinf/q_query_3_l44_lambda.cnf","lingeling"
"SAT-Race-2010-CNF/mixed/bioinf/q_query_3_l45_lambda.cnf","lingeling"
"SAT-Race-2010-CNF/mixed/bioinf/q_query_3_l48_lambda.cnf","lingeling"
"SAT-Race-2010-CNF/mixed/bioinf/rpoc_xits_08_UNSAT.cnf","lingeling"
"SAT-Race-2010-CNF/mixed/diagnosis/ACG-15-10p0.cnf","lingeling"
"SAT-Race-2010-CNF/mixed/diagnosis/ACG-20-10p1.cnf","lingeling"
"SAT-Race-2010-CNF/mixed/diagnosis/UCG-20-10p1.cnf","lingeling"
"SAT-Race-2010-CNF/mixed/diagnosis/UTI-20-10p0.cnf","lingeling"
"SAT-Race-2010-CNF/mixed/grieu/vmpc_27.cnf","lingeling"
"SAT-Race-2010-CNF/mixed/grieu/vmpc_28.cnf","lingeling"
"SAT-Race-2010-CNF/mixed/grieu/vmpc_31.cnf","lingeling"
"SAT-Race-2010-CNF/mixed/jarvisalo/eq.atree.braun.12.unsat.cnf","lingeling"
"SAT-Race-2010-CNF/mixed/palacios/safe-30-h30-sat.cnf","lingeling"
"SAT-Race-2010-CNF/mixed/palacios/sortnet-8-ipc5-h19-sat.cnf","lingeling"
"SAT-Race-2010-CNF/mixed/palacios/uts-l06-ipc5-h32.cnf","lingeling"
"SAT-Race-2010-CNF/software-verification/babic/dspam_dump_vc972.cnf","lingeling"
"SAT-Race-2010-CNF/software-verification/babic/itox_vc1138.cnf","lingeling"
"SAT-Race-2010-CNF/software-verification/bitverif/countbitsarray02_32.cnf","lingeling"
"SAT-Race-2010-CNF/software-verification/bitverif/countbitsarray32_32.cnf","lingeling"
"SAT-Race-2010-CNF/software-verification/bitverif/countbitsrotate128.cnf","lingeling"
"SAT-Race-2010-CNF/software-verification/bitverif/maxxor128.cnf","lingeling"
"SAT-Race-2010-CNF/software-verification/bitverif/minxorminand128.cnf","lingeling"
"SAT-Race-2010-CNF/software-verification/fuhs/AProVE07-08.cnf","lingeling"
"SAT-Race-2010-CNF/software-verification/fuhs/AProVE07-16.cnf","lingeling"
"SAT-Race-2010-CNF/software-verification/fuhs/AProVE07-27.cnf","lingeling"
"SAT-Race-2010-CNF/software-verification/fuhs/AProVE09-20.cnf","lingeling"
"SAT-Race-2010-CNF/software-verification/nec/hard-0-U-7061.cnf","lingeling"
"SAT-Race-2010-CNF/software-verification/nec/hard-10-U-15228.cnf","lingeling"
"SAT-Race-2010-CNF/software-verification/nec/hard-10-U-9007.cnf","lingeling"
"SAT-Race-2010-CNF/software-verification/nec/hard-11-U-7061.cnf","lingeling"
"SAT-Race-2010-CNF/software-verification/nec/hard-12-U-7061.cnf","lingeling"
"SAT-Race-2010-CNF/software-verification/nec/hard-13-U-9007.cnf","lingeling"
"SAT-Race-2010-CNF/software-verification/nec/hard-14-U-15228.cnf","lingeling"
"SAT-Race-2010-CNF/software-verification/nec/hard-15-U-10652.cnf","lingeling"
"SAT-Race-2010-CNF/software-verification/nec/hard-15-U-8013.cnf","lingeling"
"SAT-Race-2010-CNF/software-verification/nec/hard-18-U-10652.cnf","lingeling"
"SAT-Race-2010-CNF/software-verification/nec/hard-2-U-10652.cnf","lingeling"
"SAT-Race-2010-CNF/software-verification/nec/hard-2-U-9007.cnf","lingeling"
"SAT-Race-2010-CNF/software-verification/nec/hard-20-U-10652.cnf","lingeling"
"SAT-Race-2010-CNF/software-verification/nec/hard-25-U-7061.cnf","lingeling"
"SAT-Race-2010-CNF/software-verification/nec/hard-6-U-7061.cnf","lingeling"
"SAT-Race-2010-CNF/software-verification/nec/hard-7-U-10652.cnf","lingeling"
"SAT-Race-2010-CNF/software-verification/nec/hard-9-U-10652.cnf","lingeling"
"SAT-Race-2010-CNF/software-verification/post/zfcp-2.8-u2-nh.cnf","lingeling"
"SAT-Race-2010-CNF/software-verification/post/zfcp.cnf","lingeling"
"SAT_Competition2007/industrial/industrial/anbulagan/diag-sat/dated-10-11-s.cnf","lingeling"
"SAT_Competition2007/industrial/industrial/anbulagan/diag-sat/dated-10-15-s.cnf","lingeling"
"SAT_Competition2007/industrial/industrial/anbulagan/diag-sat/dated-10-19-s.cnf","lingeling"
"SAT_Competition2007/industrial/industrial/anbulagan/diag-sat/dated-5-11-s.cnf","lingeling"
"SAT_Competition2007/industrial/industrial/anbulagan/diag-sat/dated-5-13-s.cnf","lingeling"
"SAT_Competition2007/industrial/industrial/anbulagan/diag-sat/dated-5-15-s.cnf","lingeling"
"SAT_Competition2007/industrial/industrial/anbulagan/diag-sat/dated-5-17-s.cnf","lingeling"
"SAT_Competition2007/industrial/industrial/anbulagan/diag-sat/dated-5-19-s.cnf","lingeling"
"SAT_Competition2007/industrial/industrial/anbulagan/diag-sat/total-10-11-s.cnf","lingeling"
"SAT_Competition2007/industrial/industrial/anbulagan/diag-sat/total-10-13-s.cnf","lingeling"
"SAT_Competition2007/industrial/industrial/anbulagan/diag-sat/total-5-11-s.cnf","lingeling"
"SAT_Competition2007/industrial/industrial/anbulagan/diag-sat/total-5-13-s.cnf","lingeling"
"SAT_Competition2007/industrial/industrial/anbulagan/diag-sat/total-5-15-s.cnf","lingeling"
"SAT_Competition2007/industrial/industrial/anbulagan/hard-sat/partial-10-11-s.cnf","lingeling"
"SAT_Competition2007/industrial/industrial/anbulagan/hard-sat/partial-10-13-s.cnf","lingeling"
"SAT_Competition2007/industrial/industrial/anbulagan/hard-sat/partial-10-15-s.cnf","lingeling"
"SAT_Competition2007/industrial/industrial/anbulagan/hard-sat/partial-10-17-s.cnf","lingeling"
"SAT_Competition2007/industrial/industrial/anbulagan/hard-sat/partial-10-19-s.cnf","lingeling"
"SAT_Competition2007/industrial/industrial/anbulagan/hard-sat/partial-5-17-s.cnf","lingeling"
"SAT_Competition2007/industrial/industrial/anbulagan/hard-sat/partial-5-19-s.cnf","lingeling"
"SAT_Competition2007/industrial/industrial/anbulagan/hard-unsat/dated-10-11-u.cnf","lingeling"
"SAT_Competition2007/industrial/industrial/anbulagan/hard-unsat/dated-10-13-u.cnf","lingeling"
"SAT_Competition2007/industrial/industrial/anbulagan/hard-unsat/dated-10-17-u.cnf","lingeling"
"SAT_Competition2007/industrial/industrial/anbulagan/hard-unsat/dated-10-19-u.cnf","lingeling"
"SAT_Competition2007/industrial/industrial/anbulagan/hard-unsat/dated-5-13-u.cnf","lingeling"
"SAT_Competition2007/industrial/industrial/anbulagan/hard-unsat/dated-5-15-u.cnf","lingeling"
"SAT_Competition2007/industrial/industrial/anbulagan/hard-unsat/dated-5-17-u.cnf","lingeling"
"SAT_Competition2007/industrial/industrial/anbulagan/hard-unsat/dated-5-19-u.cnf","lingeling"
"SAT_Competition2007/industrial/industrial/anbulagan/hard-unsat/partial-10-11-u.cnf","lingeling"
"SAT_Competition2007/industrial/industrial/anbulagan/hard-unsat/partial-10-13-u.cnf","lingeling"
"SAT_Competition2007/industrial/industrial/anbulagan/hard-unsat/partial-10-15-u.cnf","lingeling"
"SAT_Competition2007/industrial/industrial/anbulagan/hard-unsat/partial-10-17-u.cnf","lingeling"
"SAT_Competition2007/industrial/industrial/anbulagan/hard-unsat/partial-10-19-u.cnf","lingeling"
"SAT_Competition2007/industrial/industrial/anbulagan/hard-unsat/partial-5-11-u.cnf","lingeling"
"SAT_Competition2007/industrial/industrial/anbulagan/hard-unsat/partial-5-13-u.cnf","lingeling"
"SAT_Competition2007/industrial/industrial/anbulagan/hard-unsat/partial-5-15-u.cnf","lingeling"
"SAT_Competition2007/industrial/industrial/anbulagan/hard-unsat/partial-5-17-u.cnf","lingeling"
"SAT_Competition2007/industrial/industrial/anbulagan/hard-unsat/partial-5-19-u.cnf","lingeling"
"SAT_Competition2007/industrial/industrial/anbulagan/hard-unsat/total-10-15-u.cnf","lingeling"
"SAT_Competition2007/industrial/industrial/anbulagan/hard-unsat/total-10-17-u.cnf","lingeling"
"SAT_Competition2007/industrial/industrial/anbulagan/hard-unsat/total-10-19-u.cnf","lingeling"
"SAT_Competition2007/industrial/industrial/anbulagan/hard-unsat/total-5-15-u.cnf","lingeling"
"SAT_Competition2007/industrial/industrial/anbulagan/hard-unsat/total-5-17-u.cnf","lingeling"
"SAT_Competition2007/industrial/industrial/anbulagan/hard-unsat/total-5-19-u.cnf","lingeling"
"SAT_Competition2007/industrial/industrial/anbulagan/medium-sat/dated-10-13-s.cnf","lingeling"
"SAT_Competition2007/industrial/industrial/anbulagan/medium-sat/dated-10-17-s.cnf","lingeling"
"SAT_Competition2007/industrial/industrial/anbulagan/medium-sat/partial-5-11-s.cnf","lingeling"
"SAT_Competition2007/industrial/industrial/anbulagan/medium-sat/partial-5-13-s.cnf","lingeling"
"SAT_Competition2007/industrial/industrial/anbulagan/medium-sat/partial-5-15-s.cnf","lingeling"
"SAT_Competition2007/industrial/industrial/anbulagan/medium-sat/total-10-15-s.cnf","lingeling"
"SAT_Competition2007/industrial/industrial/anbulagan/medium-sat/total-10-17-s.cnf","lingeling"
"SAT_Competition2007/industrial/industrial/anbulagan/medium-sat/total-10-19-s.cnf","lingeling"
"SAT_Competition2007/industrial/industrial/anbulagan/medium-sat/total-5-17-s.cnf","lingeling"
"SAT_Competition2007/industrial/industrial/anbulagan/medium-sat/total-5-19-s.cnf","lingeling"
"SAT_Competition2007/industrial/industrial/anbulagan/medium-unsat/dated-10-15-u.cnf","lingeling"
"SAT_Competition2007/industrial/industrial/anbulagan/medium-unsat/dated-5-11-u.cnf","lingeling"
"SAT_Competition2007/industrial/industrial/anbulagan/medium-unsat/total-10-11-u.cnf","lingeling"
"SAT_Competition2007/industrial/industrial/anbulagan/medium-unsat/total-10-13-u.cnf","lingeling"
"SAT_Competition2007/industrial/industrial/anbulagan/medium-unsat/total-5-11-u.cnf","lingeling"
"SAT_Competition2007/industrial/industrial/anbulagan/medium-unsat/total-5-13-u.cnf","lingeling"
"SAT_Competition2007/industrial/industrial/babic/dspam/dspam_dump_vc1080.cnf","lingeling"
"SAT_Competition2007/industrial/industrial/babic/dspam/dspam_dump_vc1081.cnf","lingeling"
"SAT_Competition2007/industrial/industrial/babic/dspam/dspam_dump_vc1093.cnf","lingeling"
"SAT_Competition2007/industrial/industrial/babic/dspam/dspam_dump_vc1103.cnf","lingeling"
"SAT_Competition2007/industrial/industrial/babic/dspam/dspam_dump_vc1104.cnf","lingeling"
"SAT_Competition2007/industrial/industrial/babic/dspam/dspam_dump_vc949.cnf","lingeling"
"SAT_Competition2007/industrial/industrial/babic/dspam/dspam_dump_vc950.cnf","lingeling"
"SAT_Competition2007/industrial/industrial/babic/dspam/dspam_dump_vc962.cnf","lingeling"
"SAT_Competition2007/industrial/industrial/babic/dspam/dspam_dump_vc972.cnf","lingeling"
"SAT_Competition2007/industrial/industrial/babic/dspam/dspam_dump_vc973.cnf","lingeling"
"SAT_Competition2007/industrial/industrial/babic/hsatv17/hsat_vc11773.cnf","lingeling"
"SAT_Competition2007/industrial/industrial/babic/hsatv17/hsat_vc11803.cnf","lingeling"
"SAT_Competition2007/industrial/industrial/babic/hsatv17/hsat_vc11813.cnf","lingeling"
"SAT_Competition2007/industrial/industrial/babic/hsatv17/hsat_vc11817.cnf","lingeling"
"SAT_Competition2007/industrial/industrial/babic/hsatv17/hsat_vc11935.cnf","lingeling"
"SAT_Competition2007/industrial/industrial/babic/hsatv17/hsat_vc11944.cnf","lingeling"
"SAT_Competition2007/industrial/industrial/babic/hsatv17/hsat_vc12016.cnf","lingeling"
"SAT_Competition2007/industrial/industrial/babic/hsatv17/hsat_vc12062.cnf","lingeling"
"SAT_Competition2007/industrial/industrial/babic/hsatv17/hsat_vc12070.cnf","lingeling"
"SAT_Competition2007/industrial/industrial/babic/hsatv17/hsat_vc12072.cnf","lingeling"
"SAT_Competition2007/industrial/industrial/babic/xinetd/itox_vc1033.cnf","lingeling"
"SAT_Competition2007/industrial/industrial/babic/xinetd/itox_vc1044.cnf","lingeling"
"SAT_Competition2007/industrial/industrial/babic/xinetd/itox_vc1130.cnf","lingeling"
"SAT_Competition2007/industrial/industrial/babic/xinetd/itox_vc1138.cnf","lingeling"
"SAT_Competition2007/industrial/industrial/babic/xinetd/itox_vc1216.cnf","lingeling"
"SAT_Competition2007/industrial/industrial/babic/xinetd/itox_vc909.cnf","lingeling"
"SAT_Competition2007/industrial/industrial/babic/xinetd/itox_vc965.cnf","lingeling"
"SAT_Competition2007/industrial/industrial/babic/xinetd/itox_vc979.cnf","lingeling"
"SAT_Competition2007/industrial/industrial/babic/xinetd/xinetd_vc56687.cnf","lingeling"
"SAT_Competition2007/industrial/industrial/babic/xinetd/xinetd_vc56703.cnf","lingeling"
"SAT_Competition2007/industrial/industrial/crypto/mizh-md5-47-3.cnf","lingeling"
"SAT_Competition2007/industrial/industrial/crypto/mizh-md5-47-4.cnf","lingeling"
"SAT_Competition2007/industrial/industrial/crypto/mizh-md5-47-5.cnf","lingeling"
"SAT_Competition2007/industrial/industrial/crypto/mizh-md5-48-2.cnf","lingeling"
"SAT_Competition2007/industrial/industrial/crypto/mizh-md5-48-5.cnf","lingeling"
"SAT_Competition2007/industrial/industrial/crypto/mizh-sha0-35-2.cnf","lingeling"
"SAT_Competition2007/industrial/industrial/crypto/mizh-sha0-35-3.cnf","lingeling"
"SAT_Competition2007/industrial/industrial/crypto/mizh-sha0-35-4.cnf","lingeling"
"SAT_Competition2007/industrial/industrial/crypto/mizh-sha0-35-5.cnf","lingeling"
"SAT_Competition2007/industrial/industrial/crypto/mizh-sha0-36-2.cnf","lingeling"
"SAT_Competition2007/industrial/industrial/fuhs/hard/AProVE07-01.cnf","lingeling"
"SAT_Competition2007/industrial/industrial/fuhs/hard/AProVE07-03.cnf","lingeling"
"SAT_Competition2007/industrial/industrial/fuhs/hard/AProVE07-08.cnf","lingeling"
"SAT_Competition2007/industrial/industrial/fuhs/hard/AProVE07-25.cnf","lingeling"
"SAT_Competition2007/industrial/industrial/fuhs/hard/AProVE07-26.cnf","lingeling"
"SAT_Competition2007/industrial/industrial/fuhs/hard/AProVE07-27.cnf","lingeling"
"SAT_Competition2007/industrial/industrial/fuhs/medium/AProVE07-02.cnf","lingeling"
"SAT_Competition2007/industrial/industrial/fuhs/medium/AProVE07-04.cnf","lingeling"
"SAT_Competition2007/industrial/industrial/fuhs/medium/AProVE07-06.cnf","lingeling"
"SAT_Competition2007/industrial/industrial/fuhs/medium/AProVE07-09.cnf","lingeling"
"SAT_Competition2007/industrial/industrial/fuhs/medium/AProVE07-11.cnf","lingeling"
"SAT_Competition2007/industrial/industrial/fuhs/medium/AProVE07-15.cnf","lingeling"
"SAT_Competition2007/industrial/industrial/fuhs/medium/AProVE07-16.cnf","lingeling"
"SAT_Competition2007/industrial/industrial/fuhs/medium/AProVE07-20.cnf","lingeling"
"SAT_Competition2007/industrial/industrial/fuhs/medium/AProVE07-21.cnf","lingeling"
"SAT_Competition2007/industrial/industrial/fuhs/medium/AProVE07-22.cnf","lingeling"
"SAT_Competition2007/industrial/industrial/grieu/vmpc_24.cnf","lingeling"
"SAT_Competition2007/industrial/industrial/grieu/vmpc_25.cnf","lingeling"
"SAT_Competition2007/industrial/industrial/grieu/vmpc_26.cnf","lingeling"
"SAT_Competition2007/industrial/industrial/grieu/vmpc_27.cnf","lingeling"
"SAT_Competition2007/industrial/industrial/grieu/vmpc_28.cnf","lingeling"
"SAT_Competition2007/industrial/industrial/grieu/vmpc_29.cnf","lingeling"
"SAT_Competition2007/industrial/industrial/grieu/vmpc_30.cnf","lingeling"
"SAT_Competition2007/industrial/industrial/grieu/vmpc_31.cnf","lingeling"
"SAT_Competition2007/industrial/industrial/grieu/vmpc_33.cnf","lingeling"
"SAT_Competition2007/industrial/industrial/grieu/vmpc_34.cnf","lingeling"
"SAT_Competition2007/industrial/industrial/jarvisalo/eq.atree.braun.10.unsat.cnf","lingeling"
"SAT_Competition2007/industrial/industrial/jarvisalo/eq.atree.braun.11.unsat.cnf","lingeling"
"SAT_Competition2007/industrial/industrial/jarvisalo/eq.atree.braun.12.unsat.cnf","lingeling"
"SAT_Competition2007/industrial/industrial/jarvisalo/eq.atree.braun.13.unsat.cnf","lingeling"
"SAT_Competition2007/industrial/industrial/jarvisalo/eq.atree.braun.7.unsat.cnf","lingeling"
"SAT_Competition2007/industrial/industrial/jarvisalo/eq.atree.braun.8.unsat.cnf","lingeling"
"SAT_Competition2007/industrial/industrial/jarvisalo/eq.atree.braun.9.unsat.cnf","lingeling"
"SAT_Competition2007/industrial/industrial/manolios/manol-pipe-c10nidw_s.cnf","lingeling"
"SAT_Competition2007/industrial/industrial/manolios/manol-pipe-c6nidw_i.cnf","lingeling"
"SAT_Competition2007/industrial/industrial/manolios/manol-pipe-c7bidw_i.cnf","lingeling"
"SAT_Competition2007/industrial/industrial/manolios/manol-pipe-c7nidw.cnf","lingeling"
"SAT_Competition2007/industrial/industrial/manolios/manol-pipe-f10ni.cnf","lingeling"
"SAT_Competition2007/industrial/industrial/manolios/manol-pipe-f7idw.cnf","lingeling"
"SAT_Competition2007/industrial/industrial/manolios/manol-pipe-f9b.cnf","lingeling"
"SAT_Competition2007/industrial/industrial/manolios/manol-pipe-f9n.cnf","lingeling"
"SAT_Competition2007/industrial/industrial/manolios/manol-pipe-g10bidw.cnf","lingeling"
"SAT_Competition2007/industrial/industrial/manolios/manol-pipe-g10nid.cnf","lingeling"
"SAT_Competition2007/industrial/industrial/narain/clauses-10.cnf","lingeling"
"SAT_Competition2007/industrial/industrial/narain/clauses-2.cnf","lingeling"
"SAT_Competition2007/industrial/industrial/narain/clauses-4.cnf","lingeling"
"SAT_Competition2007/industrial/industrial/narain/clauses-6.cnf","lingeling"
"SAT_Competition2007/industrial/industrial/narain/clauses-8.cnf","lingeling"
"SAT_Competition2007/industrial/industrial/palacios/hard/safe-30-h29-unsat.cnf","lingeling"
"SAT_Competition2007/industrial/industrial/palacios/hard/safe-50-h49-unsat.cnf","lingeling"
"SAT_Competition2007/industrial/industrial/palacios/hard/safe-50-h50-sat.cnf","lingeling"
"SAT_Competition2007/industrial/industrial/palacios/hard/sortnet-6-ipc5-h11-unsat.cnf","lingeling"
"SAT_Competition2007/industrial/industrial/palacios/hard/sortnet-7-ipc5-h15-unsat.cnf","lingeling"
"SAT_Competition2007/industrial/industrial/palacios/hard/sortnet-8-ipc5-h18-unsat.cnf","lingeling"
"SAT_Competition2007/industrial/industrial/palacios/hard/sortnet-8-ipc5-h19-sat.cnf","lingeling"
"SAT_Competition2007/industrial/industrial/palacios/medium/blocks-4-ipc5-h21-unknown.cnf","lingeling"
"SAT_Competition2007/industrial/industrial/palacios/medium/blocks-4-ipc5-h22-unknown.cnf","lingeling"
"SAT_Competition2007/industrial/industrial/palacios/medium/cube-11-h13-unsat.cnf","lingeling"
"SAT_Competition2007/industrial/industrial/palacios/medium/cube-11-h14-sat.cnf","lingeling"
"SAT_Competition2007/industrial/industrial/palacios/medium/cube-9-h10-unsat.cnf","lingeling"
"SAT_Competition2007/industrial/industrial/palacios/medium/cube-9-h11-sat.cnf","lingeling"
"SAT_Competition2007/industrial/industrial/palacios/medium/emptyroom-4-h21-unsat.cnf","lingeling"
"SAT_Competition2007/industrial/industrial/palacios/medium/emptyroom-4-h22-sat.cnf","lingeling"
"SAT_Competition2007/industrial/industrial/palacios/medium/safe-30-h30-sat.cnf","lingeling"
"SAT_Competition2007/industrial/industrial/palacios/medium/sortnet-7-ipc5-h16-sat.cnf","lingeling"
"SAT_Competition2007/industrial/industrial/palacios/uts/uts-l05-ipc5-h26-unsat.cnf","lingeling"
"SAT_Competition2007/industrial/industrial/palacios/uts/uts-l05-ipc5-h27-unknown.cnf","lingeling"
"SAT_Competition2007/industrial/industrial/palacios/uts/uts-l06-ipc5-h28-unknown.cnf","lingeling"
"SAT_Competition2007/industrial/industrial/palacios/uts/uts-l06-ipc5-h29-unknown.cnf","lingeling"
"SAT_Competition2007/industrial/industrial/palacios/uts/uts-l06-ipc5-h30-unknown.cnf","lingeling"
"SAT_Competition2007/industrial/industrial/palacios/uts/uts-l06-ipc5-h31-unknown.cnf","lingeling"
"SAT_Competition2007/industrial/industrial/palacios/uts/uts-l06-ipc5-h32-unknown.cnf","lingeling"
"SAT_Competition2007/industrial/industrial/palacios/uts/uts-l06-ipc5-h33-unknown.cnf","lingeling"
"SAT_Competition2007/industrial/industrial/palacios/uts/uts-l06-ipc5-h34-unknown.cnf","lingeling"
"SAT_Competition2007/industrial/industrial/palacios/uts/uts-l06-ipc5-h35-unknown.cnf","lingeling"
"SAT_Competition2009/APPLICATION/SAT07/industrial/anbulagan/hard-sat/partial-10-13-s.cnf","lingeling"
"SAT_Competition2009/APPLICATION/SAT07/industrial/anbulagan/hard-sat/partial-10-15-s.cnf","lingeling"
"SAT_Competition2009/APPLICATION/SAT07/industrial/anbulagan/hard-sat/partial-5-17-s.cnf","lingeling"
"SAT_Competition2009/APPLICATION/SAT07/industrial/anbulagan/hard-unsat/dated-10-19-u.cnf","lingeling"
"SAT_Competition2009/APPLICATION/SAT07/industrial/anbulagan/hard-unsat/dated-5-13-u.cnf","lingeling"
"SAT_Competition2009/APPLICATION/SAT07/industrial/anbulagan/hard-unsat/dated-5-15-u.cnf","lingeling"
"SAT_Competition2009/APPLICATION/SAT07/industrial/anbulagan/hard-unsat/dated-5-17-u.cnf","lingeling"
"SAT_Competition2009/APPLICATION/SAT07/industrial/anbulagan/hard-unsat/dated-5-19-u.cnf","lingeling"
"SAT_Competition2009/APPLICATION/SAT07/industrial/anbulagan/hard-unsat/partial-10-13-u.cnf","lingeling"
"SAT_Competition2009/APPLICATION/SAT07/industrial/anbulagan/hard-unsat/partial-10-19-u.cnf","lingeling"
"SAT_Competition2009/APPLICATION/SAT07/industrial/anbulagan/hard-unsat/partial-5-11-u.cnf","lingeling"
"SAT_Competition2009/APPLICATION/SAT07/industrial/anbulagan/hard-unsat/partial-5-13-u.cnf","lingeling"
"SAT_Competition2009/APPLICATION/SAT07/industrial/anbulagan/hard-unsat/partial-5-15-u.cnf","lingeling"
"SAT_Competition2009/APPLICATION/SAT07/industrial/anbulagan/hard-unsat/partial-5-17-u.cnf","lingeling"
"SAT_Competition2009/APPLICATION/SAT07/industrial/anbulagan/hard-unsat/total-10-17-u.cnf","lingeling"
"SAT_Competition2009/APPLICATION/SAT07/industrial/anbulagan/hard-unsat/total-10-19-u.cnf","lingeling"
"SAT_Competition2009/APPLICATION/SAT07/industrial/anbulagan/hard-unsat/total-5-15-u.cnf","lingeling"
"SAT_Competition2009/APPLICATION/SAT07/industrial/anbulagan/hard-unsat/total-5-17-u.cnf","lingeling"
"SAT_Competition2009/APPLICATION/SAT07/industrial/anbulagan/medium-sat/partial-5-13-s.cnf","lingeling"
"SAT_Competition2009/APPLICATION/SAT07/industrial/anbulagan/medium-sat/partial-5-15-s.cnf","lingeling"
"SAT_Competition2009/APPLICATION/SAT07/industrial/anbulagan/medium-unsat/total-10-13-u.cnf","lingeling"
"SAT_Competition2009/APPLICATION/SAT07/industrial/anbulagan/medium-unsat/total-5-11-u.cnf","lingeling"
"SAT_Competition2009/APPLICATION/SAT07/industrial/anbulagan/medium-unsat/total-5-13-u.cnf","lingeling"
"SAT_Competition2009/APPLICATION/SAT07/industrial/babic/hsatv17/hsat_vc11803.cnf","lingeling"
"SAT_Competition2009/APPLICATION/SAT07/industrial/babic/hsatv17/hsat_vc11813.cnf","lingeling"
"SAT_Competition2009/APPLICATION/SAT07/industrial/babic/xinetd/xinetd_vc56703.cnf","lingeling"
"SAT_Competition2009/APPLICATION/SAT07/industrial/fuhs/hard/AProVE07-01.cnf","lingeling"
"SAT_Competition2009/APPLICATION/SAT07/industrial/fuhs/hard/AProVE07-08.cnf","lingeling"
"SAT_Competition2009/APPLICATION/SAT07/industrial/fuhs/hard/AProVE07-25.cnf","lingeling"
"SAT_Competition2009/APPLICATION/SAT07/industrial/fuhs/hard/AProVE07-26.cnf","lingeling"
"SAT_Competition2009/APPLICATION/SAT07/industrial/fuhs/hard/AProVE07-27.cnf","lingeling"
"SAT_Competition2009/APPLICATION/SAT07/industrial/fuhs/medium/AProVE07-09.cnf","lingeling"
"SAT_Competition2009/APPLICATION/SAT07/industrial/fuhs/medium/AProVE07-16.cnf","lingeling"
"SAT_Competition2009/APPLICATION/SAT07/industrial/grieu/vmpc_24.cnf","lingeling"
"SAT_Competition2009/APPLICATION/SAT07/industrial/grieu/vmpc_25.cnf","lingeling"
"SAT_Competition2009/APPLICATION/SAT07/industrial/grieu/vmpc_26.cnf","lingeling"
"SAT_Competition2009/APPLICATION/SAT07/industrial/grieu/vmpc_28.cnf","lingeling"
"SAT_Competition2009/APPLICATION/SAT07/industrial/grieu/vmpc_29.cnf","lingeling"
"SAT_Competition2009/APPLICATION/SAT07/industrial/grieu/vmpc_30.cnf","lingeling"
"SAT_Competition2009/APPLICATION/SAT07/industrial/grieu/vmpc_33.cnf","lingeling"
"SAT_Competition2009/APPLICATION/SAT07/industrial/grieu/vmpc_34.cnf","lingeling"
"SAT_Competition2009/APPLICATION/SAT07/industrial/jarvisalo/eq.atree.braun.10.unsat.cnf","lingeling"
"SAT_Competition2009/APPLICATION/SAT07/industrial/jarvisalo/eq.atree.braun.11.unsat.cnf","lingeling"
"SAT_Competition2009/APPLICATION/SAT07/industrial/jarvisalo/eq.atree.braun.12.unsat.cnf","lingeling"
"SAT_Competition2009/APPLICATION/SAT07/industrial/jarvisalo/eq.atree.braun.13.unsat.cnf","lingeling"
"SAT_Competition2009/APPLICATION/SAT07/industrial/jarvisalo/eq.atree.braun.8.unsat.cnf","lingeling"
"SAT_Competition2009/APPLICATION/SAT07/industrial/jarvisalo/eq.atree.braun.9.unsat.cnf","lingeling"
"SAT_Competition2009/APPLICATION/SAT07/industrial/narain/clauses-8.cnf","lingeling"
"SAT_Competition2009/APPLICATION/SAT07/industrial/palacios/hard/safe-30-h29-unsat.cnf","lingeling"
"SAT_Competition2009/APPLICATION/SAT07/industrial/palacios/hard/safe-50-h49-unsat.cnf","lingeling"
"SAT_Competition2009/APPLICATION/SAT07/industrial/palacios/hard/sortnet-7-ipc5-h15-unsat.cnf","lingeling"
"SAT_Competition2009/APPLICATION/SAT07/industrial/palacios/hard/sortnet-8-ipc5-h18-unsat.cnf","lingeling"
"SAT_Competition2009/APPLICATION/SAT07/industrial/palacios/hard/sortnet-8-ipc5-h19-sat.cnf","lingeling"
"SAT_Competition2009/APPLICATION/SAT07/industrial/palacios/medium/blocks-4-ipc5-h22-unknown.cnf","lingeling"
"SAT_Competition2009/APPLICATION/SAT07/industrial/palacios/medium/cube-11-h13-unsat.cnf","lingeling"
"SAT_Competition2009/APPLICATION/SAT07/industrial/palacios/medium/cube-11-h14-sat.cnf","lingeling"
"SAT_Competition2009/APPLICATION/SAT07/industrial/palacios/medium/emptyroom-4-h21-unsat.cnf","lingeling"
"SAT_Competition2009/APPLICATION/SAT07/industrial/palacios/uts/uts-l05-ipc5-h26-unsat.cnf","lingeling"
"SAT_Competition2009/APPLICATION/SAT07/industrial/palacios/uts/uts-l05-ipc5-h27-unknown.cnf","lingeling"
"SAT_Competition2009/APPLICATION/SAT07/industrial/palacios/uts/uts-l06-ipc5-h28-unknown.cnf","lingeling"
"SAT_Competition2009/APPLICATION/SAT07/industrial/palacios/uts/uts-l06-ipc5-h31-unknown.cnf","lingeling"
"SAT_Competition2009/APPLICATION/SAT07/industrial/palacios/uts/uts-l06-ipc5-h33-unknown.cnf","lingeling"
"SAT_Competition2009/APPLICATION/SAT07/industrial/palacios/uts/uts-l06-ipc5-h35-unknown.cnf","lingeling"
"SAT_Competition2009/APPLICATION/SAT07/industrial/vliw_sat_4.0/9vliw_m_9stages_iq3_C1_bug5.cnf","lingeling"
"SAT_Competition2009/APPLICATION/SAT07/industrial/vliw_sat_4.0/9vliw_m_9stages_iq3_C1_bug8.cnf","lingeling"
"SAT_Competition2009/APPLICATION/SAT07/industrial/vliw_unsat_2.0/9dlx_vliw_at_b_iq1.cnf","lingeling"
"SAT_Competition2009/APPLICATION/SAT07/industrial/vliw_unsat_2.0/9dlx_vliw_at_b_iq2.cnf","lingeling"
"SAT_Competition2009/APPLICATION/SAT07/industrial/vliw_unsat_2.0/9dlx_vliw_at_b_iq3.cnf","lingeling"
"SAT_Competition2009/APPLICATION/SAT07/industrial/vliw_unsat_2.0/9dlx_vliw_at_b_iq4.cnf","lingeling"
"SAT_Competition2009/APPLICATION/SAT07/industrial/vliw_unsat_2.0/9dlx_vliw_at_b_iq5.cnf","lingeling"
"SAT_Competition2009/APPLICATION/SAT07/industrial/vliw_unsat_2.0/9dlx_vliw_at_b_iq6.cnf","lingeling"
"SAT_Competition2009/APPLICATION/SAT07/industrial/vliw_unsat_2.0/9dlx_vliw_at_b_iq7.cnf","lingeling"
"SAT_Competition2009/APPLICATION/SAT07/industrial/vliw_unsat_2.0/9dlx_vliw_at_b_iq8.cnf","lingeling"
"SAT_Competition2009/APPLICATION/SAT07/industrial/vliw_unsat_2.0/9dlx_vliw_at_b_iq9.cnf","lingeling"
"SAT_Competition2009/APPLICATION/SAT09/APPLICATIONS/aprove09/AProVE09-01.cnf","lingeling"
"SAT_Competition2009/APPLICATION/SAT09/APPLICATIONS/aprove09/AProVE09-03.cnf","lingeling"
"SAT_Competition2009/APPLICATION/SAT09/APPLICATIONS/aprove09/AProVE09-05.cnf","lingeling"
"SAT_Competition2009/APPLICATION/SAT09/APPLICATIONS/aprove09/AProVE09-06.cnf","lingeling"
"SAT_Competition2009/APPLICATION/SAT09/APPLICATIONS/aprove09/AProVE09-07.cnf","lingeling"
"SAT_Competition2009/APPLICATION/SAT09/APPLICATIONS/aprove09/AProVE09-08.cnf","lingeling"
"SAT_Competition2009/APPLICATION/SAT09/APPLICATIONS/aprove09/AProVE09-10.cnf","lingeling"
"SAT_Competition2009/APPLICATION/SAT09/APPLICATIONS/aprove09/AProVE09-11.cnf","lingeling"
"SAT_Competition2009/APPLICATION/SAT09/APPLICATIONS/aprove09/AProVE09-12.cnf","lingeling"
"SAT_Competition2009/APPLICATION/SAT09/APPLICATIONS/aprove09/AProVE09-13.cnf","lingeling"
"SAT_Competition2009/APPLICATION/SAT09/APPLICATIONS/aprove09/AProVE09-15.cnf","lingeling"
"SAT_Competition2009/APPLICATION/SAT09/APPLICATIONS/aprove09/AProVE09-17.cnf","lingeling"
"SAT_Competition2009/APPLICATION/SAT09/APPLICATIONS/aprove09/AProVE09-19.cnf","lingeling"
"SAT_Competition2009/APPLICATION/SAT09/APPLICATIONS/aprove09/AProVE09-20.cnf","lingeling"
"SAT_Competition2009/APPLICATION/SAT09/APPLICATIONS/aprove09/AProVE09-21.cnf","lingeling"
"SAT_Competition2009/APPLICATION/SAT09/APPLICATIONS/aprove09/AProVE09-22.cnf","lingeling"
"SAT_Competition2009/APPLICATION/SAT09/APPLICATIONS/aprove09/AProVE09-24.cnf","lingeling"
"SAT_Competition2009/APPLICATION/SAT09/APPLICATIONS/aprove09/AProVE09-25.cnf","lingeling"
"SAT_Competition2009/APPLICATION/SAT09/APPLICATIONS/bioinfo/q_query_2_L324_coli.cnf","lingeling"
"SAT_Competition2009/APPLICATION/SAT09/APPLICATIONS/bioinfo/q_query_3_L100_coli.sat.cnf","lingeling"
"SAT_Competition2009/APPLICATION/SAT09/APPLICATIONS/bioinfo/q_query_3_L150_coli.sat.cnf","lingeling"
"SAT_Competition2009/APPLICATION/SAT09/APPLICATIONS/bioinfo/q_query_3_L200_coli.sat.cnf","lingeling"
"SAT_Competition2009/APPLICATION/SAT09/APPLICATIONS/bioinfo/q_query_3_L60_coli.sat.cnf","lingeling"
"SAT_Competition2009/APPLICATION/SAT09/APPLICATIONS/bioinfo/q_query_3_L70_coli.sat.cnf","lingeling"
"SAT_Competition2009/APPLICATION/SAT09/APPLICATIONS/bioinfo/q_query_3_L80_coli.sat.cnf","lingeling"
"SAT_Competition2009/APPLICATION/SAT09/APPLICATIONS/bioinfo/q_query_3_L90_coli.sat.cnf","lingeling"
"SAT_Competition2009/APPLICATION/SAT09/APPLICATIONS/bioinfo/q_query_3_l37_lambda.cnf","lingeling"
"SAT_Competition2009/APPLICATION/SAT09/APPLICATIONS/bioinfo/q_query_3_l38_lambda.cnf","lingeling"
"SAT_Competition2009/APPLICATION/SAT09/APPLICATIONS/bioinfo/q_query_3_l39_lambda.cnf","lingeling"
"SAT_Competition2009/APPLICATION/SAT09/APPLICATIONS/bioinfo/q_query_3_l40_lambda.cnf","lingeling"
"SAT_Competition2009/APPLICATION/SAT09/APPLICATIONS/bioinfo/q_query_3_l41_lambda.cnf","lingeling"
"SAT_Competition2009/APPLICATION/SAT09/APPLICATIONS/bioinfo/q_query_3_l42_lambda.cnf","lingeling"
"SAT_Competition2009/APPLICATION/SAT09/APPLICATIONS/bioinfo/q_query_3_l43_lambda.cnf","lingeling"
"SAT_Competition2009/APPLICATION/SAT09/APPLICATIONS/bioinfo/q_query_3_l44_lambda.cnf","lingeling"
"SAT_Competition2009/APPLICATION/SAT09/APPLICATIONS/bioinfo/q_query_3_l45_lambda.cnf","lingeling"
"SAT_Competition2009/APPLICATION/SAT09/APPLICATIONS/bioinfo/q_query_3_l46_lambda.cnf","lingeling"
"SAT_Competition2009/APPLICATION/SAT09/APPLICATIONS/bioinfo/q_query_3_l47_lambda.cnf","lingeling"
"SAT_Competition2009/APPLICATION/SAT09/APPLICATIONS/bioinfo/q_query_3_l48_lambda.cnf","lingeling"
"SAT_Competition2009/APPLICATION/SAT09/APPLICATIONS/bitverif/countbitsarray/countbitsarray02_32.cnf","lingeling"
"SAT_Competition2009/APPLICATION/SAT09/APPLICATIONS/bitverif/countbitsarray/countbitsarray08_32.cnf","lingeling"
"SAT_Competition2009/APPLICATION/SAT09/APPLICATIONS/bitverif/countbitsarray/countbitsarray32_32.cnf","lingeling"
"SAT_Competition2009/APPLICATION/SAT09/APPLICATIONS/bitverif/countbitsrotate/countbitsrotate016.cnf","lingeling"
"SAT_Competition2009/APPLICATION/SAT09/APPLICATIONS/bitverif/countbitsrotate/countbitsrotate032.cnf","lingeling"
"SAT_Competition2009/APPLICATION/SAT09/APPLICATIONS/bitverif/countbitsrotate/countbitsrotate128.cnf","lingeling"
"SAT_Competition2009/APPLICATION/SAT09/APPLICATIONS/bitverif/countbitssrl/countbitssrl016.cnf","lingeling"
"SAT_Competition2009/APPLICATION/SAT09/APPLICATIONS/bitverif/countbitssrl/countbitssrl032.cnf","lingeling"
"SAT_Competition2009/APPLICATION/SAT09/APPLICATIONS/bitverif/countbitssrl/countbitssrl128.cnf","lingeling"
"SAT_Competition2009/APPLICATION/SAT09/APPLICATIONS/bitverif/countbitswegner/countbitswegner064.cnf","lingeling"
"SAT_Competition2009/APPLICATION/SAT09/APPLICATIONS/bitverif/icbrt/icbrt1_32.cnf","lingeling"
"SAT_Competition2009/APPLICATION/SAT09/APPLICATIONS/bitverif/maxand/maxand064.cnf","lingeling"
"SAT_Competition2009/APPLICATION/SAT09/APPLICATIONS/bitverif/maxor/maxor128.cnf","lingeling"
"SAT_Competition2009/APPLICATION/SAT09/APPLICATIONS/bitverif/maxxor/maxxor064.cnf","lingeling"
"SAT_Competition2009/APPLICATION/SAT09/APPLICATIONS/bitverif/maxxor/maxxor128.cnf","lingeling"
"SAT_Competition2009/APPLICATION/SAT09/APPLICATIONS/bitverif/maxxororand/maxxororand032.cnf","lingeling"
"SAT_Competition2009/APPLICATION/SAT09/APPLICATIONS/bitverif/maxxororand/maxxororand128.cnf","lingeling"
"SAT_Competition2009/APPLICATION/SAT09/APPLICATIONS/bitverif/minand/minand128.cnf","lingeling"
"SAT_Competition2009/APPLICATION/SAT09/APPLICATIONS/bitverif/minandmaxor/minandmaxor032.cnf","lingeling"
"SAT_Competition2009/APPLICATION/SAT09/APPLICATIONS/bitverif/minandmaxor/minandmaxor128.cnf","lingeling"
"SAT_Competition2009/APPLICATION/SAT09/APPLICATIONS/bitverif/minor/minor032.cnf","lingeling"
"SAT_Competition2009/APPLICATION/SAT09/APPLICATIONS/bitverif/minor/minor064.cnf","lingeling"
"SAT_Competition2009/APPLICATION/SAT09/APPLICATIONS/bitverif/minxor/minxor128.cnf","lingeling"
"SAT_Competition2009/APPLICATION/SAT09/APPLICATIONS/bitverif/minxorminand/minxorminand032.cnf","lingeling"
"SAT_Competition2009/APPLICATION/SAT09/APPLICATIONS/bitverif/minxorminand/minxorminand064.cnf","lingeling"
"SAT_Competition2009/APPLICATION/SAT09/APPLICATIONS/bitverif/minxorminand/minxorminand128.cnf","lingeling"
"SAT_Competition2009/APPLICATION/SAT09/APPLICATIONS/bitverif/mulhs/mulhs016.cnf","lingeling"
"SAT_Competition2009/APPLICATION/SAT09/APPLICATIONS/bitverif/mulhs/mulhs032.cnf","lingeling"
"SAT_Competition2009/APPLICATION/SAT09/APPLICATIONS/bitverif/smulo/smulo016.cnf","lingeling"
"SAT_Competition2009/APPLICATION/SAT09/APPLICATIONS/bitverif/smulo/smulo128.cnf","lingeling"
"SAT_Competition2009/APPLICATION/SAT09/APPLICATIONS/c32sat/post-c32s-col400-16.cnf","lingeling"
"SAT_Competition2009/APPLICATION/SAT09/APPLICATIONS/c32sat/post-c32s-gcdm16-22.cnf","lingeling"
"SAT_Competition2009/APPLICATION/SAT09/APPLICATIONS/c32sat/post-c32s-gcdm16-23.cnf","lingeling"
"SAT_Competition2009/APPLICATION/SAT09/APPLICATIONS/c32sat/post-c32s-ss-8.cnf","lingeling"
"SAT_Competition2009/APPLICATION/SAT09/APPLICATIONS/c32sat/post-cbmc-aes-d-r2-noholes.cnf","lingeling"
"SAT_Competition2009/APPLICATION/SAT09/APPLICATIONS/c32sat/post-cbmc-aes-ee-r2-noholes.cnf","lingeling"
"SAT_Competition2009/APPLICATION/SAT09/APPLICATIONS/c32sat/post-cbmc-aes-ee-r3-noholes.cnf","lingeling"
"SAT_Competition2009/APPLICATION/SAT09/APPLICATIONS/c32sat/post-cbmc-aes-ele-noholes.cnf","lingeling"
"SAT_Competition2009/APPLICATION/SAT09/APPLICATIONS/c32sat/post-cbmc-zfcp-2.8-u2-noholes.cnf","lingeling"
"SAT_Competition2009/APPLICATION/SAT09/APPLICATIONS/crypto/desgen/gss-13-s100.cnf","lingeling"
"SAT_Competition2009/APPLICATION/SAT09/APPLICATIONS/crypto/desgen/gss-14-s100.cnf","lingeling"
"SAT_Competition2009/APPLICATION/SAT09/APPLICATIONS/crypto/desgen/gss-15-s100.cnf","lingeling"
"SAT_Competition2009/APPLICATION/SAT09/APPLICATIONS/crypto/desgen/gss-16-s100.cnf","lingeling"
"SAT_Competition2009/APPLICATION/SAT09/APPLICATIONS/crypto/desgen/gss-17-s100.cnf","lingeling"
"SAT_Competition2009/APPLICATION/SAT09/APPLICATIONS/crypto/desgen/gss-19-s100.cnf","lingeling"
"SAT_Competition2009/APPLICATION/SAT09/APPLICATIONS/crypto/desgen/gss-20-s100.cnf","lingeling"
"SAT_Competition2009/APPLICATION/SAT09/APPLICATIONS/crypto/desgen/gss-21-s100.cnf","lingeling"
"SAT_Competition2009/APPLICATION/SAT09/APPLICATIONS/crypto/desgen/gss-22-s100.cnf","lingeling"
"SAT_Competition2009/APPLICATION/SAT09/APPLICATIONS/crypto/desgen/gss-23-s100.cnf","lingeling"
"SAT_Competition2009/APPLICATION/SAT09/APPLICATIONS/crypto/desgen/gss-24-s100.cnf","lingeling"
"SAT_Competition2009/APPLICATION/SAT09/APPLICATIONS/crypto/desgen/gss-25-s100.cnf","lingeling"
"SAT_Competition2009/APPLICATION/SAT09/APPLICATIONS/crypto/desgen/gss-26-s100.cnf","lingeling"
"SAT_Competition2009/APPLICATION/SAT09/APPLICATIONS/crypto/desgen/gss-27-s100.cnf","lingeling"
"SAT_Competition2009/APPLICATION/SAT09/APPLICATIONS/crypto/desgen/gss-28-s100.cnf","lingeling"
"SAT_Competition2009/APPLICATION/SAT09/APPLICATIONS/crypto/desgen/gss-31-s100.cnf","lingeling"
"SAT_Competition2009/APPLICATION/SAT09/APPLICATIONS/crypto/desgen/gss-32-s100.cnf","lingeling"
"SAT_Competition2009/APPLICATION/SAT09/APPLICATIONS/crypto/desgen/gss-33-s100.cnf","lingeling"
"SAT_Competition2009/APPLICATION/SAT09/APPLICATIONS/crypto/desgen/gss-34-s100.cnf","lingeling"
"SAT_Competition2009/APPLICATION/SAT09/APPLICATIONS/crypto/md5gen/gus-md5-04.cnf","lingeling"
"SAT_Competition2009/APPLICATION/SAT09/APPLICATIONS/crypto/md5gen/gus-md5-05.cnf","lingeling"
"SAT_Competition2009/APPLICATION/SAT09/APPLICATIONS/crypto/md5gen/gus-md5-06.cnf","lingeling"
"SAT_Competition2009/APPLICATION/SAT09/APPLICATIONS/crypto/md5gen/gus-md5-07.cnf","lingeling"
"SAT_Competition2009/APPLICATION/SAT09/APPLICATIONS/crypto/md5gen/gus-md5-09.cnf","lingeling"
"SAT_Competition2009/APPLICATION/SAT09/APPLICATIONS/crypto/md5gen/gus-md5-10.cnf","lingeling"
"SAT_Competition2009/APPLICATION/SAT09/APPLICATIONS/crypto/md5gen/gus-md5-11.cnf","lingeling"
"SAT_Competition2009/APPLICATION/SAT09/APPLICATIONS/crypto/md5gen/gus-md5-14.cnf","lingeling"
"SAT_Competition2009/APPLICATION/SAT09/APPLICATIONS/crypto/md5gen/gus-md5-15.cnf","lingeling"
"SAT_Competition2009/APPLICATION/SAT09/APPLICATIONS/crypto/md5gen/gus-md5-16.cnf","lingeling"
"SAT_Competition2009/APPLICATION/SAT09/APPLICATIONS/diagnosis/ACG-10-5p0.cnf","lingeling"
"SAT_Competition2009/APPLICATION/SAT09/APPLICATIONS/diagnosis/ACG-15-10p0.cnf","lingeling"
"SAT_Competition2009/APPLICATION/SAT09/APPLICATIONS/diagnosis/ACG-15-10p1.cnf","lingeling"
"SAT_Competition2009/APPLICATION/SAT09/APPLICATIONS/diagnosis/ACG-20-10p0.cnf","lingeling"
"SAT_Competition2009/APPLICATION/SAT09/APPLICATIONS/diagnosis/ACG-20-10p1.cnf","lingeling"
"SAT_Competition2009/APPLICATION/SAT09/APPLICATIONS/diagnosis/ACG-20-5p1.cnf","lingeling"
"SAT_Competition2009/APPLICATION/SAT09/APPLICATIONS/diagnosis/UCG-10-5p0.cnf","lingeling"
"SAT_Competition2009/APPLICATION/SAT09/APPLICATIONS/diagnosis/UCG-15-10p0.cnf","lingeling"
"SAT_Competition2009/APPLICATION/SAT09/APPLICATIONS/diagnosis/UCG-15-10p1.cnf","lingeling"
"SAT_Competition2009/APPLICATION/SAT09/APPLICATIONS/diagnosis/UCG-15-5p0.cnf","lingeling"
"SAT_Competition2009/APPLICATION/SAT09/APPLICATIONS/diagnosis/UCG-20-10p1.cnf","lingeling"
"SAT_Competition2009/APPLICATION/SAT09/APPLICATIONS/diagnosis/UCG-20-5p1.cnf","lingeling"
"SAT_Competition2009/APPLICATION/SAT09/APPLICATIONS/diagnosis/UR-10-5p0.cnf","lingeling"
"SAT_Competition2009/APPLICATION/SAT09/APPLICATIONS/diagnosis/UR-10-5p1.cnf","lingeling"
"SAT_Competition2009/APPLICATION/SAT09/APPLICATIONS/diagnosis/UR-15-10p0.cnf","lingeling"
"SAT_Competition2009/APPLICATION/SAT09/APPLICATIONS/diagnosis/UR-15-10p1.cnf","lingeling"
"SAT_Competition2009/APPLICATION/SAT09/APPLICATIONS/diagnosis/UR-15-5p0.cnf","lingeling"
"SAT_Competition2009/APPLICATION/SAT09/APPLICATIONS/diagnosis/UR-20-10p1.cnf","lingeling"
"SAT_Competition2009/APPLICATION/SAT09/APPLICATIONS/diagnosis/UR-20-5p0.cnf","lingeling"
"SAT_Competition2009/APPLICATION/SAT09/APPLICATIONS/diagnosis/UR-20-5p1.cnf","lingeling"
"SAT_Competition2009/APPLICATION/SAT09/APPLICATIONS/diagnosis/UTI-10-10p0.cnf","lingeling"
"SAT_Competition2009/APPLICATION/SAT09/APPLICATIONS/diagnosis/UTI-15-10p0.cnf","lingeling"
"SAT_Competition2009/APPLICATION/SAT09/APPLICATIONS/diagnosis/UTI-15-10p1.cnf","lingeling"
"SAT_Competition2009/APPLICATION/SAT09/APPLICATIONS/diagnosis/UTI-15-5p0.cnf","lingeling"
"SAT_Competition2009/APPLICATION/SAT09/APPLICATIONS/diagnosis/UTI-15-5p1.cnf","lingeling"
"SAT_Competition2009/APPLICATION/SAT09/APPLICATIONS/diagnosis/UTI-20-10p0.cnf","lingeling"
"SAT_Competition2009/APPLICATION/SAT09/APPLICATIONS/diagnosis/UTI-20-10p1.cnf","lingeling"
"SAT_Competition2009/APPLICATION/SAT09/APPLICATIONS/diagnosis/UTI-20-5p0.cnf","lingeling"
"SAT_Competition2009/APPLICATION/SAT09/APPLICATIONS/diagnosis/UTI-20-5p1.cnf","lingeling"
"SAT_Competition2009/APPLICATION/SAT09/APPLICATIONS/satComp09_BioInstances/ndhf_xits_09_UNSAT.cnf","lingeling"
"SAT_Competition2009/APPLICATION/SAT09/APPLICATIONS/satComp09_BioInstances/ndhf_xits_10_UNSAT.cnf","lingeling"
"SAT_Competition2009/APPLICATION/SAT09/APPLICATIONS/satComp09_BioInstances/ndhf_xits_11_UNSAT.cnf","lingeling"
"SAT_Competition2009/APPLICATION/SAT09/APPLICATIONS/satComp09_BioInstances/ndhf_xits_12_UNSAT.cnf","lingeling"
"SAT_Competition2009/APPLICATION/SAT09/APPLICATIONS/satComp09_BioInstances/ndhf_xits_13_UNSAT.cnf","lingeling"
"SAT_Competition2009/APPLICATION/SAT09/APPLICATIONS/satComp09_BioInstances/ndhf_xits_14_UNSAT.cnf","lingeling"
"SAT_Competition2009/APPLICATION/SAT09/APPLICATIONS/satComp09_BioInstances/ndhf_xits_15_UNKNOWN.cnf","lingeling"
"SAT_Competition2009/APPLICATION/SAT09/APPLICATIONS/satComp09_BioInstances/ndhf_xits_16_UNKNOWN.cnf","lingeling"
"SAT_Competition2009/APPLICATION/SAT09/APPLICATIONS/satComp09_BioInstances/ndhf_xits_17_UNKNOWN.cnf","lingeling"
"SAT_Competition2009/APPLICATION/SAT09/APPLICATIONS/satComp09_BioInstances/ndhf_xits_20_SAT.cnf","lingeling"
"SAT_Competition2009/APPLICATION/SAT09/APPLICATIONS/satComp09_BioInstances/ndhf_xits_21_SAT.cnf","lingeling"
"SAT_Competition2009/APPLICATION/SAT09/APPLICATIONS/satComp09_BioInstances/ndhf_xits_22_SAT.cnf","lingeling"
"SAT_Competition2009/APPLICATION/SAT09/APPLICATIONS/satComp09_BioInstances/rbcl_xits_06_UNSAT.cnf","lingeling"
"SAT_Competition2009/APPLICATION/SAT09/APPLICATIONS/satComp09_BioInstances/rbcl_xits_07_UNSAT.cnf","lingeling"
"SAT_Competition2009/APPLICATION/SAT09/APPLICATIONS/satComp09_BioInstances/rbcl_xits_08_UNSAT.cnf","lingeling"
"SAT_Competition2009/APPLICATION/SAT09/APPLICATIONS/satComp09_BioInstances/rbcl_xits_09_UNKNOWN.cnf","lingeling"
"SAT_Competition2009/APPLICATION/SAT09/APPLICATIONS/satComp09_BioInstances/rbcl_xits_10_UNKNOWN.cnf","lingeling"
"SAT_Competition2009/APPLICATION/SAT09/APPLICATIONS/satComp09_BioInstances/rbcl_xits_11_UNKNOWN.cnf","lingeling"
"SAT_Competition2009/APPLICATION/SAT09/APPLICATIONS/satComp09_BioInstances/rbcl_xits_12_UNKNOWN.cnf","lingeling"
"SAT_Competition2009/APPLICATION/SAT09/APPLICATIONS/satComp09_BioInstances/rbcl_xits_13_UNKNOWN.cnf","lingeling"
"SAT_Competition2009/APPLICATION/SAT09/APPLICATIONS/satComp09_BioInstances/rbcl_xits_14_SAT.cnf","lingeling"
"SAT_Competition2009/APPLICATION/SAT09/APPLICATIONS/satComp09_BioInstances/rpoc_xits_07_UNSAT.cnf","lingeling"
"SAT_Competition2009/APPLICATION/SAT09/APPLICATIONS/satComp09_BioInstances/rpoc_xits_08_UNSAT.cnf","lingeling"
"SAT_Competition2009/APPLICATION/SAT09/APPLICATIONS/satComp09_BioInstances/rpoc_xits_09_UNSAT.cnf","lingeling"
"SAT_Competition2009/APPLICATION/SAT09/APPLICATIONS/satComp09_BioInstances/rpoc_xits_10_UNKNOWN.cnf","lingeling"
"SAT_Competition2009/APPLICATION/SAT09/APPLICATIONS/satComp09_BioInstances/rpoc_xits_11_UNKNOWN.cnf","lingeling"
"SAT_Competition2009/APPLICATION/SAT09/APPLICATIONS/satComp09_BioInstances/rpoc_xits_12_UNKNOWN.cnf","lingeling"
"SAT_Competition2009/APPLICATION/SAT09/APPLICATIONS/satComp09_BioInstances/rpoc_xits_13_UNKNOWN.cnf","lingeling"
"SAT_Competition2009/APPLICATION/SAT09/APPLICATIONS/satComp09_BioInstances/rpoc_xits_14_UNKNOWN.cnf","lingeling"
"SAT_Competition2009/APPLICATION/SAT09/APPLICATIONS/satComp09_BioInstances/rpoc_xits_17_SAT.cnf","lingeling"
"SAT_Competition2009/APPLICATION/SAT_RACE06/een-tip-uns-nusmv-t5.B.cnf","lingeling"
"SAT_Competition2009/APPLICATION/SAT_RACE06/goldb-heqc-i10mul.cnf","lingeling"
"SAT_Competition2009/APPLICATION/SAT_RACE06/goldb-heqc-term1mul.cnf","lingeling"
"SAT_Competition2009/APPLICATION/SAT_RACE06/manol-pipe-c10nidw_s.cnf","lingeling"
"SAT_Competition2009/APPLICATION/SAT_RACE06/manol-pipe-c6nidw_i.cnf","lingeling"
"SAT_Competition2009/APPLICATION/SAT_RACE06/manol-pipe-c7bidw_i.cnf","lingeling"
"SAT_Competition2009/APPLICATION/SAT_RACE06/manol-pipe-c7nidw.cnf","lingeling"
"SAT_Competition2009/APPLICATION/SAT_RACE06/manol-pipe-c9.cnf","lingeling"
"SAT_Competition2009/APPLICATION/SAT_RACE06/manol-pipe-f10ni.cnf","lingeling"
"SAT_Competition2009/APPLICATION/SAT_RACE06/manol-pipe-f9n.cnf","lingeling"
"SAT_Competition2009/APPLICATION/SAT_RACE06/manol-pipe-g10bidw.cnf","lingeling"
"SAT_Competition2009/APPLICATION/SAT_RACE06/manol-pipe-g10id.cnf","lingeling"
"SAT_Competition2009/APPLICATION/SAT_RACE06/manol-pipe-g6bi.cnf","lingeling"
"SAT_Competition2009/APPLICATION/SAT_RACE06/manol-pipe-g7nidw.cnf","lingeling"
"SAT_Competition2009/APPLICATION/SAT_RACE06/mizh-sha0-36-2.cnf","lingeling"
"SAT_Competition2009/APPLICATION/SAT_RACE06/schup-l2s-guid-1-k56.cnf","lingeling"
"SAT_Competition2009/APPLICATION/SAT_RACE06/simon-s02b-dp11u10.cnf","lingeling"
"SAT_Competition2009/APPLICATION/SAT_RACE06/simon-s02b-k2f-gr-rcs-w8.cnf","lingeling"
"SAT_Competition2009/APPLICATION/SAT_RACE06/simon-s03-fifo8-300.cnf","lingeling"
"SAT_Competition2009/APPLICATION/SAT_RACE06/velev-live-uns-2.0-ebuf.cnf","lingeling"
"SAT_Competition2009/APPLICATION/SAT_RACE06/velev-pipe-o-uns-1.0-7.cnf","lingeling"
"SAT_Competition2009/APPLICATION/SAT_RACE06/velev-pipe-o-uns-1.1-6.cnf","lingeling"
"SAT_Competition2009/APPLICATION/SAT_RACE06/velev-pipe-sat-1.0-b10.cnf","lingeling"
"SAT_Competition2009/APPLICATION/SAT_RACE06/velev-pipe-sat-1.0-b7.cnf","lingeling"
"SAT_Competition2009/APPLICATION/SAT_RACE06/velev-pipe-uns-1.0-8.cnf","lingeling"
"SAT_Competition2009/APPLICATION/SAT_RACE06/velev-vliw-uns-4.0-9C1.cnf","lingeling"
"SAT_Competition2009/APPLICATION/SAT_RACE08/cnf/aloul-chnl11-13.cnf","lingeling"
"SAT_Competition2009/APPLICATION/SAT_RACE08/cnf/cmu-bmc-barrel6.cnf","lingeling"
"SAT_Competition2009/APPLICATION/SAT_RACE08/cnf/cmu-bmc-longmult15.cnf","lingeling"
"SAT_Competition2009/APPLICATION/SAT_RACE08/cnf/een-tip-sat-texas-tp-5e.cnf","lingeling"
"SAT_Competition2009/APPLICATION/SAT_RACE08/cnf/goldb-heqc-alu4mul.cnf","lingeling"
"SAT_Competition2009/APPLICATION/SAT_RACE08/cnf/goldb-heqc-dalumul.cnf","lingeling"
"SAT_Competition2009/APPLICATION/SAT_RACE08/cnf/goldb-heqc-frg1mul.cnf","lingeling"
"SAT_Competition2009/APPLICATION/SAT_RACE08/cnf/goldb-heqc-x1mul.cnf","lingeling"
"SAT_Competition2009/APPLICATION/SAT_RACE08/cnf/hoons-vbmc-lucky7.cnf","lingeling"
"SAT_Competition2009/APPLICATION/SAT_RACE08/cnf/manol-pipe-c10nid_i.cnf","lingeling"
"SAT_Competition2009/APPLICATION/SAT_RACE08/cnf/manol-pipe-c10nidw.cnf","lingeling"
"SAT_Competition2009/APPLICATION/SAT_RACE08/cnf/manol-pipe-c6bidw_i.cnf","lingeling"
"SAT_Competition2009/APPLICATION/SAT_RACE08/cnf/manol-pipe-f9b.cnf","lingeling"
"SAT_Competition2009/APPLICATION/SAT_RACE08/cnf/manol-pipe-g10nid.cnf","lingeling"
"SAT_Competition2009/APPLICATION/SAT_RACE08/cnf/mizh-md5-47-3.cnf","lingeling"
"SAT_Competition2009/APPLICATION/SAT_RACE08/cnf/mizh-md5-47-4.cnf","lingeling"
"SAT_Competition2009/APPLICATION/SAT_RACE08/cnf/mizh-md5-48-5.cnf","lingeling"
"SAT_Competition2009/APPLICATION/SAT_RACE08/cnf/mizh-sha0-35-3.cnf","lingeling"
"SAT_Competition2009/APPLICATION/SAT_RACE08/cnf/mizh-sha0-36-3.cnf","lingeling"
"SAT_Competition2009/APPLICATION/SAT_RACE08/cnf/mizh-sha0-36-4.cnf","lingeling"
"SAT_Competition2009/APPLICATION/SAT_RACE08/cnf/schup-l2s-abp4-1-k31.cnf","lingeling"
"SAT_Competition2009/APPLICATION/SAT_RACE08/cnf/schup-l2s-bc56s-1-k391.cnf","lingeling"
"SAT_Competition2009/APPLICATION/SAT_RACE08/cnf/schup-l2s-motst-2-k315.cnf","lingeling"
"SAT_Competition2009/APPLICATION/SAT_RACE08/cnf/simon-s03-w08-15.cnf","lingeling"
"SAT_Competition2009/APPLICATION/SAT_RACE08/cnf/vange-col-abb313GPIA-9-c.cnf","lingeling"
"SAT_Competition2009/APPLICATION/SAT_RACE08/cnf/velev-engi-uns-1.0-4nd.cnf","lingeling"
"SAT_Competition2009/APPLICATION/SAT_RACE08/cnf/velev-vliw-uns-4.0-9-i1.cnf","lingeling"
"SAT_Competition2011/SAT-Race-2010-CNF/cryptography/mizh/md5_48_3.cnf","lingeling"
"SAT_Competition2011/SAT-Race-2010-CNF/cryptography/mizh/sha0_36_5.cnf","lingeling"
"SAT_Competition2011/SAT-Race-2010-CNF/hardware-verification/manolios/c10idw_i.cnf","lingeling"
"SAT_Competition2011/SAT-Race-2010-CNF/hardware-verification/velev/11pipe_11_ooo.cnf","lingeling"
"SAT_Competition2011/SAT-Race-2010-CNF/hardware-verification/velev/11pipe_k.cnf","lingeling"
"SAT_Competition2011/SAT-Race-2010-CNF/hardware-verification/velev/1dlx_c_iq57_a.cnf","lingeling"
"SAT_Competition2011/SAT-Race-2010-CNF/hardware-verification/velev/1dlx_c_iq60_a.cnf","lingeling"
"SAT_Competition2011/SAT-Race-2010-CNF/hardware-verification/velev/2dlx_ca_bp_f_liveness.cnf","lingeling"
"SAT_Competition2011/SAT-Race-2010-CNF/software-verification/nec/hard-18-U-10652.cnf","lingeling"
"SAT_Competition2011/SAT-Race-2010-CNF/software-verification/nec/hard-25-U-7061.cnf","lingeling"
"SAT_Competition2011/SAT-Race-2010-CNF/software-verification/nec/hard-6-U-7061.cnf","lingeling"
"SAT_Competition2011/SAT02/industrial/aloul/Bart/bart17.shuffled.cnf","lingeling"
"SAT_Competition2011/SAT02/industrial/aloul/Homer/homer14.shuffled.cnf","lingeling"
"SAT_Competition2011/SAT02/industrial/aloul/Homer/homer16.shuffled.cnf","lingeling"
"SAT_Competition2011/SAT02/industrial/aloul/Homer/homer17.shuffled.cnf","lingeling"
"SAT_Competition2011/SAT02/industrial/biere/dinphil/dp04s04.shuffled.cnf","lingeling"
"SAT_Competition2011/SAT02/industrial/biere/dinphil/dp04u03.shuffled.cnf","lingeling"
"SAT_Competition2011/SAT02/industrial/biere/dinphil/dp10s10.shuffled.cnf","lingeling"
"SAT_Competition2011/SAT02/industrial/dellacherie/comb/comb1.shuffled.cnf","lingeling"
"SAT_Competition2011/SAT02/industrial/goldberg/fpga_routing/vda_gr_rcs_w9.shuffled.cnf","lingeling"
"SAT_Competition2011/SAT02/industrial/goldberg/rand_net/rand_net60-25-10.shuffled.cnf","lingeling"
"SAT_Competition2011/SAT02/industrial/goldberg/rand_net/rand_net60-30-1.shuffled.cnf","lingeling"
"SAT_Competition2011/SAT02/industrial/goldberg/rand_net/rand_net60-40-10.shuffled.cnf","lingeling"
"SAT_Competition2011/SAT02/industrial/goldberg/rand_net/rand_net70-60-10.shuffled.cnf","lingeling"
"SAT_Competition2011/SAT02/industrial/nam/fpga-routing/k2fix_gr_rcs_w8.shuffled.cnf","lingeling"
"SAT_Competition2011/SAT02/industrial/nam/fpga-routing/k2fix_gr_rcs_w9.shuffled.cnf","lingeling"
"SAT_Competition2011/SAT03/industrial/goldberg/hard_eq_check/c6288mul.miter.shuffled-as.sat03-346.cnf","lingeling"
"SAT_Competition2011/SAT03/industrial/goldberg/hard_eq_check/k2mul.miter.shuffled-as.sat03-355.cnf","lingeling"
"SAT_Competition2011/SAT03/industrial/goldberg/hard_eq_check/x1mul.miter.shuffled-as.sat03-359.cnf","lingeling"
"SAT_Competition2011/SAT03/industrial/kukula/addm_bench/am_7_7.shuffled-as.sat03-363.cnf","lingeling"
"SAT_Competition2011/SAT03/industrial/li/li-exam/li-exam-61.shuffled-as.sat03-366.cnf","lingeling"
"SAT_Competition2011/SAT03/industrial/li/li-test4/li-test4-100.shuffled-as.sat03-370.cnf","lingeling"
"SAT_Competition2011/SAT03/industrial/maris/CNF/gripper13u.shuffled-as.sat03-395.cnf","lingeling"
"SAT_Competition2011/SAT03/industrial/schuppan/l2s/bc57-sensors-1-k303-unsat.shuffled-as.sat03-406.cnf","lingeling"
"SAT_Competition2011/SAT03/industrial/schuppan/l2s/dme-03-1-k247-unsat.shuffled-as.sat03-407.cnf","lingeling"
"SAT_Competition2011/SAT03/industrial/schuppan/l2s/valves-gates-1-k617-unsat.shuffled-as.sat03-412.cnf","lingeling"
"SAT_Competition2011/SAT03/industrial/simon/sat02/6pipe_6_ooo.shuffled-as.sat03-413.cnf","lingeling"
"SAT_Competition2011/SAT04/industrial/hoonsang/vis-bmc/all.used-as.sat04-986.cnf","lingeling"
"SAT_Competition2011/SAT04/industrial/hoonsang/vis-bmc/dekker.used-as.sat04-989.cnf","lingeling"
"SAT_Competition2011/SAT04/industrial/vangelder/cnf-color/abb313GPIA-9-c.used-as.sat04-317.cnf","lingeling"
"SAT_Competition2011/SAT04/industrial/vangelder/cnf-color/abb313GPIA-9-tr.used-as.sat04-321.cnf","lingeling"
"SAT_Competition2011/SAT04/industrial/vangelder/cnf-color/myciel6-tr.used-as.sat04-320.cnf","lingeling"
"SAT_Competition2011/SAT04/industrial/velev/pipe-sat-1-1/12pipe_bug4_q0.used-as.sat04-723.cnf","lingeling"
"SAT_Competition2011/SAT04/industrial/velev/pipe-sat-1-1/12pipe_bug6_q0.used-as.sat04-725.cnf","lingeling"
"SAT_Competition2011/SAT04/industrial/velev/vliw_unsat_2.0/9dlx_vliw_at_b_iq6.used-as.sat04-347.cnf","lingeling"
"SAT_Competition2011/SAT04/industrial/velev/vliw_unsat_2.0/9dlx_vliw_at_b_iq8.used-as.sat04-718.cnf","lingeling"
"SAT_Competition2011/SAT04/industrial/velev/vliw_unsat_2.0/9dlx_vliw_at_b_iq9.used-as.sat04-719.cnf","lingeling"
"SAT_Competition2011/SAT05/industrial/grieu05/vmpc/vmpc_25.renamed-as.sat05-1913.cnf","lingeling"
"SAT_Competition2011/SAT05/industrial/grieu05/vmpc/vmpc_29.renamed-as.sat05-1916.cnf","lingeling"
"SAT_Competition2011/SAT05/industrial/grieu05/vmpc/vmpc_32.renamed-as.sat05-1919.cnf","lingeling"
"SAT_Competition2011/SAT05/industrial/grieu05/vmpc/vmpc_34.renamed-as.sat05-1926.cnf","lingeling"
"SAT_Competition2011/SAT05/industrial/grieu05/vmpc/vmpc_35.renamed-as.sat05-1921.cnf","lingeling"
"SAT_Competition2011/SAT05/industrial/grieu05/vmpc/vmpc_36.renamed-as.sat05-1922.cnf","lingeling"
"SAT_Competition2011/SAT05/industrial/maris05/DriverLog/driverlog1_ks99i.renamed-as.sat05-3951.cnf","lingeling"
"SAT_Competition2011/SAT05/industrial/maris05/DriverLog/driverlog3_v01a.renamed-as.sat05-3963.cnf","lingeling"
"SAT_Competition2011/SAT05/industrial/maris05/Ferry/ferry5_ks99i.renamed-as.sat05-3994.cnf","lingeling"
"SAT_Competition2011/SAT05/industrial/maris05/Rovers/rovers1_ks99i.renamed-as.sat05-3971.cnf","lingeling"
"SAT_Competition2011/SAT05/industrial/narain05/vpn/clauses-8.renamed-as.sat05-1964.cnf","lingeling"
"SAT_Competition2011/SAT07/industrial/IBM_FV_2002_13_rule_1/SAT_dat.k100.cnf","lingeling"
"SAT_Competition2011/SAT07/industrial/IBM_FV_2002_13_rule_1/SAT_dat.k20.cnf","lingeling"
"SAT_Competition2011/SAT07/industrial/IBM_FV_2002_13_rule_1/SAT_dat.k45.cnf","lingeling"
"SAT_Competition2011/SAT07/industrial/IBM_FV_2002_13_rule_1/SAT_dat.k80.cnf","lingeling"
"SAT_Competition2011/SAT07/industrial/IBM_FV_2004_30/IBM_FV_2004_rule_batch_30_SAT_dat.k55.cnf","lingeling"
"SAT_Competition2011/SAT07/industrial/IBM_FV_2004_30/IBM_FV_2004_rule_batch_30_SAT_dat.k80.cnf","lingeling"
"SAT_Competition2011/SAT07/industrial/anbulagan/hard-sat/partial-10-13-s.cnf","lingeling"
"SAT_Competition2011/SAT07/industrial/anbulagan/hard-sat/partial-10-15-s.cnf","lingeling"
"SAT_Competition2011/SAT07/industrial/anbulagan/hard-sat/partial-10-17-s.cnf","lingeling"
"SAT_Competition2011/SAT07/industrial/anbulagan/hard-unsat/dated-10-17-u.cnf","lingeling"
"SAT_Competition2011/SAT07/industrial/anbulagan/hard-unsat/dated-5-13-u.cnf","lingeling"
"SAT_Competition2011/SAT07/industrial/anbulagan/hard-unsat/partial-5-11-u.cnf","lingeling"
"SAT_Competition2011/SAT07/industrial/anbulagan/hard-unsat/total-10-17-u.cnf","lingeling"
"SAT_Competition2011/SAT07/industrial/anbulagan/medium-unsat/dated-5-11-u.cnf","lingeling"
"SAT_Competition2011/SAT07/industrial/babic/dspam/dspam_dump_vc949.cnf","lingeling"
"SAT_Competition2011/SAT07/industrial/babic/hsatv17/hsat_vc12062.cnf","lingeling"
"SAT_Competition2011/SAT07/industrial/crypto/mizh-sha0-36-2.cnf","lingeling"
"SAT_Competition2011/SAT07/industrial/fuhs/hard/AProVE07-01.cnf","lingeling"
"SAT_Competition2011/SAT07/industrial/fuhs/hard/AProVE07-03.cnf","lingeling"
"SAT_Competition2011/SAT07/industrial/fuhs/medium/AProVE07-21.cnf","lingeling"
"SAT_Competition2011/SAT07/industrial/jarvisalo/eq.atree.braun.11.unsat.cnf","lingeling"
"SAT_Competition2011/SAT07/industrial/jarvisalo/eq.atree.braun.12.unsat.cnf","lingeling"
"SAT_Competition2011/SAT07/industrial/manolios/manol-pipe-f7idw.cnf","lingeling"
"SAT_Competition2011/SAT07/industrial/palacios/hard/sortnet-7-ipc5-h15-unsat.cnf","lingeling"
"SAT_Competition2011/SAT07/industrial/palacios/hard/sortnet-8-ipc5-h19-sat.cnf","lingeling"
"SAT_Competition2011/SAT07/industrial/palacios/medium/blocks-4-ipc5-h21-unknown.cnf","lingeling"
"SAT_Competition2011/SAT07/industrial/palacios/medium/cube-11-h14-sat.cnf","lingeling"
"SAT_Competition2011/SAT07/industrial/vliw_sat_4.0/9vliw_m_9stages_iq3_C1_bug5.cnf","lingeling"
"SAT_Competition2011/SAT07/industrial/vliw_sat_4.0/9vliw_m_9stages_iq3_C1_bug6.cnf","lingeling"
"SAT_Competition2011/SAT07/industrial/vliw_unsat_2.0/9dlx_vliw_at_b_iq7.cnf","lingeling"
"SAT_Competition2011/SAT09/APPLICATIONS/bioinfo/q_query_3_L150_coli.sat.cnf","lingeling"
"SAT_Competition2011/SAT09/APPLICATIONS/bioinfo/q_query_3_L70_coli.sat.cnf","lingeling"
"SAT_Competition2011/SAT09/APPLICATIONS/bioinfo/q_query_3_l46_lambda.cnf","lingeling"
"SAT_Competition2011/SAT09/APPLICATIONS/bitverif/countbitsarray/countbitsarray04_32.cnf","lingeling"
"SAT_Competition2011/SAT09/APPLICATIONS/bitverif/countbitsrotate/countbitsrotate032.cnf","lingeling"
"SAT_Competition2011/SAT09/APPLICATIONS/bitverif/countbitssrl/countbitssrl064.cnf","lingeling"
"SAT_Competition2011/SAT09/APPLICATIONS/bitverif/countbitswegner/countbitswegner128.cnf","lingeling"
"SAT_Competition2011/SAT09/APPLICATIONS/bitverif/maxor/maxor128.cnf","lingeling"
"SAT_Competition2011/SAT09/APPLICATIONS/bitverif/maxxor/maxxor032.cnf","lingeling"
"SAT_Competition2011/SAT09/APPLICATIONS/bitverif/maxxor/maxxor064.cnf","lingeling"
"SAT_Competition2011/SAT09/APPLICATIONS/bitverif/maxxor/maxxor128.cnf","lingeling"
"SAT_Competition2011/SAT09/APPLICATIONS/bitverif/maxxororand/maxxororand064.cnf","lingeling"
"SAT_Competition2011/SAT09/APPLICATIONS/bitverif/minandmaxor/minandmaxor016.cnf","lingeling"
"SAT_Competition2011/SAT09/APPLICATIONS/bitverif/minandmaxor/minandmaxor128.cnf","lingeling"
"SAT_Competition2011/SAT09/APPLICATIONS/bitverif/minxorminand/minxorminand128.cnf","lingeling"
"SAT_Competition2011/SAT09/APPLICATIONS/bitverif/mulhs/mulhs016.cnf","lingeling"
"SAT_Competition2011/SAT09/APPLICATIONS/bitverif/smulo/smulo064.cnf","lingeling"
"SAT_Competition2011/SAT09/APPLICATIONS/c32sat/post-c32s-gcdm16-23.cnf","lingeling"
"SAT_Competition2011/SAT09/APPLICATIONS/c32sat/post-cbmc-zfcp-2.8-u2-noholes.cnf","lingeling"
"SAT_Competition2011/SAT09/APPLICATIONS/crypto/desgen/gss-14-s100.cnf","lingeling"
"SAT_Competition2011/SAT09/APPLICATIONS/crypto/desgen/gss-16-s100.cnf","lingeling"
"SAT_Competition2011/SAT09/APPLICATIONS/crypto/desgen/gss-19-s100.cnf","lingeling"
"SAT_Competition2011/SAT09/APPLICATIONS/crypto/desgen/gss-21-s100.cnf","lingeling"
"SAT_Competition2011/SAT09/APPLICATIONS/crypto/desgen/gss-22-s100.cnf","lingeling"
"SAT_Competition2011/SAT09/APPLICATIONS/crypto/desgen/gss-27-s100.cnf","lingeling"
"SAT_Competition2011/SAT09/APPLICATIONS/crypto/md5gen/gus-md5-11.cnf","lingeling"
"SAT_Competition2011/SAT09/APPLICATIONS/crypto/md5gen/gus-md5-12.cnf","lingeling"
"SAT_Competition2011/SAT09/APPLICATIONS/diagnosis/ACG-10-10p0.cnf","lingeling"
"SAT_Competition2011/SAT09/APPLICATIONS/diagnosis/ACG-15-5p1.cnf","lingeling"
"SAT_Competition2011/SAT09/APPLICATIONS/diagnosis/UCG-15-10p0.cnf","lingeling"
"SAT_Competition2011/SAT09/APPLICATIONS/diagnosis/UCG-15-10p1.cnf","lingeling"
"SAT_Competition2011/SAT09/APPLICATIONS/diagnosis/UCG-15-5p0.cnf","lingeling"
"SAT_Competition2011/SAT09/APPLICATIONS/diagnosis/UCG-20-5p1.cnf","lingeling"
"SAT_Competition2011/SAT09/APPLICATIONS/diagnosis/UR-10-10p1.cnf","lingeling"
"SAT_Competition2011/SAT09/APPLICATIONS/diagnosis/UR-20-10p0.cnf","lingeling"
"SAT_Competition2011/SAT09/APPLICATIONS/diagnosis/UR-20-10p1.cnf","lingeling"
"SAT_Competition2011/SAT09/APPLICATIONS/diagnosis/UTI-10-5t1.cnf","lingeling"
"SAT_Competition2011/SAT09/APPLICATIONS/diagnosis/UTI-20-10p0.cnf","lingeling"
"SAT_Competition2011/SAT09/APPLICATIONS/diagnosis/UTI-20-10p1.cnf","lingeling"
"SAT_Competition2011/SAT09/APPLICATIONS/diagnosis/UTI-20-10t0.cnf","lingeling"
"SAT_Competition2011/SAT09/APPLICATIONS/diagnosis/UTI-20-10t1.cnf","lingeling"
"SAT_Competition2011/SAT09/APPLICATIONS/satComp09_BioInstances/ndhf_xits_19_UNKNOWN.cnf","lingeling"
"SAT_Competition2011/SAT09/APPLICATIONS/satComp09_BioInstances/rbcl_xits_08_UNSAT.cnf","lingeling"
"SAT_Competition2011/SAT09/APPLICATIONS/satComp09_BioInstances/rbcl_xits_09_UNKNOWN.cnf","lingeling"
"SAT_Competition2011/SAT09/APPLICATIONS/satComp09_BioInstances/rbcl_xits_15_SAT.cnf","lingeling"
"SAT_Competition2011/SAT09/APPLICATIONS/satComp09_BioInstances/rbcl_xits_18_SAT.cnf","lingeling"
"SAT_Competition2011/SAT09/APPLICATIONS/satComp09_BioInstances/rpoc_xits_09_UNSAT.cnf","lingeling"
"SAT_Competition2011/SAT11/application/fuhs/AProVE11/AProVE11-02.cnf","lingeling"
"SAT_Competition2011/SAT11/application/fuhs/AProVE11/AProVE11-06.cnf","lingeling"
"SAT_Competition2011/SAT11/application/fuhs/AProVE11/AProVE11-07.cnf","lingeling"
"SAT_Competition2011/SAT11/application/fuhs/AProVE11/AProVE11-09.cnf","lingeling"
"SAT_Competition2011/SAT11/application/fuhs/AProVE11/AProVE11-10.cnf","lingeling"
"SAT_Competition2011/SAT11/application/fuhs/AProVE11/AProVE11-11.cnf","lingeling"
"SAT_Competition2011/SAT11/application/fuhs/AProVE11/AProVE11-12.cnf","lingeling"
"SAT_Competition2011/SAT11/application/fuhs/AProVE11/AProVE11-13.cnf","lingeling"
"SAT_Competition2011/SAT11/application/fuhs/AProVE11/AProVE11-15.cnf","lingeling"
"SAT_Competition2011/SAT11/application/fuhs/AProVE11/AProVE11-16.cnf","lingeling"
"SAT_Competition2011/SAT11/application/fuhs/slp-synthesis-AES/slp-synthesis-aes-bottom12.cnf","lingeling"
"SAT_Competition2011/SAT11/application/fuhs/slp-synthesis-AES/slp-synthesis-aes-bottom13.cnf","lingeling"
"SAT_Competition2011/SAT11/application/fuhs/slp-synthesis-AES/slp-synthesis-aes-bottom14.cnf","lingeling"
"SAT_Competition2011/SAT11/application/fuhs/slp-synthesis-AES/slp-synthesis-aes-bottom15.cnf","lingeling"
"SAT_Competition2011/SAT11/application/fuhs/slp-synthesis-AES/slp-synthesis-aes-bottom16.cnf","lingeling"
"SAT_Competition2011/SAT11/application/fuhs/slp-synthesis-AES/slp-synthesis-aes-bottom17.cnf","lingeling"
"SAT_Competition2011/SAT11/application/fuhs/slp-synthesis-AES/slp-synthesis-aes-bottom18.cnf","lingeling"
"SAT_Competition2011/SAT11/application/fuhs/slp-synthesis-AES/slp-synthesis-aes-bottom19.cnf","lingeling"
"SAT_Competition2011/SAT11/application/fuhs/slp-synthesis-AES/slp-synthesis-aes-bottom20.cnf","lingeling"
"SAT_Competition2011/SAT11/application/fuhs/slp-synthesis-AES/slp-synthesis-aes-bottom21.cnf","lingeling"
"SAT_Competition2011/SAT11/application/fuhs/slp-synthesis-AES/slp-synthesis-aes-bottom22.cnf","lingeling"
"SAT_Competition2011/SAT11/application/fuhs/slp-synthesis-AES/slp-synthesis-aes-bottom23.cnf","lingeling"
"SAT_Competition2011/SAT11/application/fuhs/slp-synthesis-AES/slp-synthesis-aes-bottom24.cnf","lingeling"
"SAT_Competition2011/SAT11/application/fuhs/slp-synthesis-AES/slp-synthesis-aes-bottom25.cnf","lingeling"
"SAT_Competition2011/SAT11/application/fuhs/slp-synthesis-AES/slp-synthesis-aes-bottom26.cnf","lingeling"
"SAT_Competition2011/SAT11/application/fuhs/slp-synthesis-AES/slp-synthesis-aes-top21.cnf","lingeling"
"SAT_Competition2011/SAT11/application/fuhs/slp-synthesis-AES/slp-synthesis-aes-top22.cnf","lingeling"
"SAT_Competition2011/SAT11/application/fuhs/slp-synthesis-AES/slp-synthesis-aes-top23.cnf","lingeling"
"SAT_Competition2011/SAT11/application/fuhs/slp-synthesis-AES/slp-synthesis-aes-top24.cnf","lingeling"
"SAT_Competition2011/SAT11/application/fuhs/slp-synthesis-AES/slp-synthesis-aes-top25.cnf","lingeling"
"SAT_Competition2011/SAT11/application/fuhs/slp-synthesis-AES/slp-synthesis-aes-top26.cnf","lingeling"
"SAT_Competition2011/SAT11/application/fuhs/slp-synthesis-AES/slp-synthesis-aes-top28.cnf","lingeling"
"SAT_Competition2011/SAT11/application/fuhs/slp-synthesis-AES/slp-synthesis-aes-top29.cnf","lingeling"
"SAT_Competition2011/SAT11/application/fuhs/slp-synthesis-AES/slp-synthesis-aes-top30.cnf","lingeling"
"SAT_Competition2011/SAT11/application/jarvisalo/AAAI2010-SATPlanning/aaai10-planning-ipc5-TPP-21-step11.cnf","lingeling"
"SAT_Competition2011/SAT11/application/jarvisalo/AAAI2010-SATPlanning/aaai10-planning-ipc5-TPP-30-step11.cnf","lingeling"
"SAT_Competition2011/SAT11/application/jarvisalo/AAAI2010-SATPlanning/aaai10-planning-ipc5-pathways-13-step17.cnf","lingeling"
"SAT_Competition2011/SAT11/application/jarvisalo/AAAI2010-SATPlanning/aaai10-planning-ipc5-pathways-17-step20.cnf","lingeling"
"SAT_Competition2011/SAT11/application/jarvisalo/AAAI2010-SATPlanning/aaai10-planning-ipc5-pathways-17-step21.cnf","lingeling"
"SAT_Competition2011/SAT11/application/jarvisalo/AAAI2010-SATPlanning/aaai10-planning-ipc5-pipesworld-12-step15.cnf","lingeling"
"SAT_Competition2011/SAT11/application/jarvisalo/AAAI2010-SATPlanning/aaai10-planning-ipc5-pipesworld-12-step16.cnf","lingeling"
"SAT_Competition2011/SAT11/application/jarvisalo/AAAI2010-SATPlanning/aaai10-planning-ipc5-pipesworld-18-step15.cnf","lingeling"
"SAT_Competition2011/SAT11/application/jarvisalo/AAAI2010-SATPlanning/aaai10-planning-ipc5-pipesworld-18-step16.cnf","lingeling"
"SAT_Competition2011/SAT11/application/jarvisalo/AAAI2010-SATPlanning/aaai10-planning-ipc5-pipesworld-27-step13.cnf","lingeling"
"SAT_Competition2011/SAT11/application/jarvisalo/AAAI2010-SATPlanning/aaai10-planning-ipc5-pipesworld-27-step14.cnf","lingeling"
"SAT_Competition2011/SAT11/application/jarvisalo/AAAI2010-SATPlanning/aaai10-planning-ipc5-rovers-18-step11.cnf","lingeling"
"SAT_Competition2011/SAT11/application/jarvisalo/AAAI2010-SATPlanning/aaai10-planning-ipc5-rovers-18-step12.cnf","lingeling"
"SAT_Competition2011/SAT11/application/jarvisalo/HWMCC10-combination-timeframe-expansion/hwmcc10-timeframe-expansion-k45-bc57sensorsp1-tseitin.cnf","lingeling"
"SAT_Competition2011/SAT11/application/jarvisalo/HWMCC10-combination-timeframe-expansion/hwmcc10-timeframe-expansion-k45-bobsm5378d2-tseitin.cnf","lingeling"
"SAT_Competition2011/SAT11/application/jarvisalo/HWMCC10-combination-timeframe-expansion/hwmcc10-timeframe-expansion-k45-bobsmhdlc2-tseitin.cnf","lingeling"
"SAT_Competition2011/SAT11/application/jarvisalo/HWMCC10-combination-timeframe-expansion/hwmcc10-timeframe-expansion-k45-pdtpmsgoodbakery-tseitin.cnf","lingeling"
"SAT_Competition2011/SAT11/application/jarvisalo/HWMCC10-combination-timeframe-expansion/hwmcc10-timeframe-expansion-k45-pdtpmspalu-tseitin.cnf","lingeling"
"SAT_Competition2011/SAT11/application/jarvisalo/HWMCC10-combination-timeframe-expansion/hwmcc10-timeframe-expansion-k45-pdtswvqis8x8p2-tseitin.cnf","lingeling"
"SAT_Competition2011/SAT11/application/jarvisalo/HWMCC10-combination-timeframe-expansion/hwmcc10-timeframe-expansion-k45-pdtswvrod6x8p1-tseitin.cnf","lingeling"
"SAT_Competition2011/SAT11/application/jarvisalo/HWMCC10-combination-timeframe-expansion/hwmcc10-timeframe-expansion-k45-pdtswvtms14x8p1-tseitin.cnf","lingeling"
"SAT_Competition2011/SAT11/application/jarvisalo/HWMCC10-combination-timeframe-expansion/hwmcc10-timeframe-expansion-k45-pdtviseisenberg1-tseitin.cnf","lingeling"
"SAT_Competition2011/SAT11/application/jarvisalo/HWMCC10-combination-timeframe-expansion/hwmcc10-timeframe-expansion-k45-pdtvisns3p02-tseitin.cnf","lingeling"
"SAT_Competition2011/SAT11/application/jarvisalo/HWMCC10-combination-timeframe-expansion/hwmcc10-timeframe-expansion-k45-pdtvissoap1-tseitin.cnf","lingeling"
"SAT_Competition2011/SAT11/application/jarvisalo/HWMCC10-combination-timeframe-expansion/hwmcc10-timeframe-expansion-k50-bc57sensorsp2-tseitin.cnf","lingeling"
"SAT_Competition2011/SAT11/application/jarvisalo/HWMCC10-combination-timeframe-expansion/hwmcc10-timeframe-expansion-k50-bc57sensorsp3-tseitin.cnf","lingeling"
"SAT_Competition2011/SAT11/application/jarvisalo/HWMCC10-combination-timeframe-expansion/hwmcc10-timeframe-expansion-k50-bjrb07amba2andenv-tseitin.cnf","lingeling"
"SAT_Competition2011/SAT11/application/jarvisalo/HWMCC10-combination-timeframe-expansion/hwmcc10-timeframe-expansion-k50-eijkbs6669-tseitin.cnf","lingeling"
"SAT_Competition2011/SAT11/application/jarvisalo/HWMCC10-combination-timeframe-expansion/hwmcc10-timeframe-expansion-k50-nusmvreactorp4-tseitin.cnf","lingeling"
"SAT_Competition2011/SAT11/application/jarvisalo/HWMCC10-combination-timeframe-expansion/hwmcc10-timeframe-expansion-k50-pdtpmsns2-tseitin.cnf","lingeling"
"SAT_Competition2011/SAT11/application/jarvisalo/HWMCC10-combination-timeframe-expansion/hwmcc10-timeframe-expansion-k50-pdtswvsam6x8p3-tseitin.cnf","lingeling"
"SAT_Competition2011/SAT11/application/jarvisalo/HWMCC10-combination-timeframe-expansion/hwmcc10-timeframe-expansion-k50-pdtviseisenberg2-tseitin.cnf","lingeling"
"SAT_Competition2011/SAT11/application/jarvisalo/HWMCC10-combination-timeframe-expansion/hwmcc10-timeframe-expansion-k50-pdtvisns2p3-tseitin.cnf","lingeling"
"SAT_Competition2011/SAT11/application/jarvisalo/HWMCC10-combination-timeframe-expansion/hwmcc10-timeframe-expansion-k50-pdtvisns3p00-tseitin.cnf","lingeling"
"SAT_Competition2011/SAT11/application/jarvisalo/smtqfbv-aigs/smtlib-qfbv-aigs-VS3-benchmark-S2-tseitin.cnf","lingeling"
"SAT_Competition2011/SAT11/application/jarvisalo/smtqfbv-aigs/smtlib-qfbv-aigs-bin_libmsrpc_vc1225336-tseitin.cnf","lingeling"
"SAT_Competition2011/SAT11/application/jarvisalo/smtqfbv-aigs/smtlib-qfbv-aigs-bin_libsmbclient_vc1228502-tseitin.cnf","lingeling"
"SAT_Competition2011/SAT11/application/jarvisalo/smtqfbv-aigs/smtlib-qfbv-aigs-bin_libsmbsharemodes_vc5759-tseitin.cnf","lingeling"
"SAT_Competition2011/SAT11/application/jarvisalo/smtqfbv-aigs/smtlib-qfbv-aigs-countbits128-tseitin.cnf","lingeling"
"SAT_Competition2011/SAT11/application/jarvisalo/smtqfbv-aigs/smtlib-qfbv-aigs-ext_con_032_008_0256-tseitin.cnf","lingeling"
"SAT_Competition2011/SAT11/application/jarvisalo/smtqfbv-aigs/smtlib-qfbv-aigs-lfsr_004_127_112-tseitin.cnf","lingeling"
"SAT_Competition2011/SAT11/application/jarvisalo/smtqfbv-aigs/smtlib-qfbv-aigs-lfsr_008_063_080-tseitin.cnf","lingeling"
"SAT_Competition2011/SAT11/application/jarvisalo/smtqfbv-aigs/smtlib-qfbv-aigs-lfsr_008_079_112-tseitin.cnf","lingeling"
"SAT_Competition2011/SAT11/application/jarvisalo/smtqfbv-aigs/smtlib-qfbv-aigs-nlzbe256-tseitin.cnf","lingeling"
"SAT_Competition2011/SAT11/application/jarvisalo/smtqfbv-aigs/smtlib-qfbv-aigs-rfunit_flat-64-tseitin.cnf","lingeling"
"SAT_Competition2011/SAT11/application/jarvisalo/smtqfbv-aigs/smtlib-qfbv-aigs-servers_slapd_a_vc149789-tseitin.cnf","lingeling"
"SAT_Competition2011/SAT11/application/jarvisalo/smtqfbv-aigs/smtlib-qfbv-aigs-src_wget_vc18517-tseitin.cnf","lingeling"
"SAT_Competition2011/SAT11/application/kullmann/AES/Benchmarks/128/aes_128_10_keyfind_1.cnf","lingeling"
"SAT_Competition2011/SAT11/application/kullmann/AES/Benchmarks/128/aes_128_1_keyfind_1.cnf","lingeling"
"SAT_Competition2011/SAT11/application/kullmann/AES/Benchmarks/128/aes_128_2_keyfind_1.cnf","lingeling"
"SAT_Competition2011/SAT11/application/kullmann/AES/Benchmarks/128/aes_128_3_keyfind_1.cnf","lingeling"
"SAT_Competition2011/SAT11/application/kullmann/AES/Benchmarks/32/aes_32_1_keyfind_1.cnf","lingeling"
"SAT_Competition2011/SAT11/application/kullmann/AES/Benchmarks/32/aes_32_2_keyfind_1.cnf","lingeling"
"SAT_Competition2011/SAT11/application/kullmann/AES/Benchmarks/32/aes_32_3_keyfind_1.cnf","lingeling"
"SAT_Competition2011/SAT11/application/kullmann/AES/Benchmarks/32/aes_32_4_keyfind_1.cnf","lingeling"
"SAT_Competition2011/SAT11/application/kullmann/AES/Benchmarks/32/aes_32_5_keyfind_1.cnf","lingeling"
"SAT_Competition2011/SAT11/application/kullmann/AES/Benchmarks/64/aes_64_1_keyfind_1.cnf","lingeling"
"SAT_Competition2011/SAT11/application/kullmann/AES/Benchmarks/64/aes_64_2_keyfind_1.cnf","lingeling"
"SAT_Competition2011/SAT11/application/kullmann/AES/Benchmarks/64/aes_64_3_keyfind_1.cnf","lingeling"
"SAT_Competition2011/SAT11/application/kullmann/AES/Benchmarks/64/aes_64_4_keyfind_1.cnf","lingeling"
"SAT_Competition2011/SAT11/application/leberre/2dimensionalstrippacking/E00N23.cnf","lingeling"
"SAT_Competition2011/SAT11/application/leberre/2dimensionalstrippacking/E00X23.cnf","lingeling"
"SAT_Competition2011/SAT11/application/leberre/2dimensionalstrippacking/E02F17.cnf","lingeling"
"SAT_Competition2011/SAT11/application/leberre/2dimensionalstrippacking/E02F20.cnf","lingeling"
"SAT_Competition2011/SAT11/application/leberre/2dimensionalstrippacking/E02F22.cnf","lingeling"
"SAT_Competition2011/SAT11/application/leberre/2dimensionalstrippacking/E03N17.cnf","lingeling"
"SAT_Competition2011/SAT11/application/leberre/2dimensionalstrippacking/E04F19.cnf","lingeling"
"SAT_Competition2011/SAT11/application/leberre/2dimensionalstrippacking/E04F20.cnf","lingeling"
"SAT_Competition2011/SAT11/application/leberre/2dimensionalstrippacking/E04N18.cnf","lingeling"
"SAT_Competition2011/SAT11/application/leberre/2dimensionalstrippacking/E05F18.cnf","lingeling"
"SAT_Competition2011/SAT11/application/leberre/2dimensionalstrippacking/E05F20.cnf","lingeling"
"SAT_Competition2011/SAT11/application/leberre/2dimensionalstrippacking/E05X15.cnf","lingeling"
"SAT_Competition2011/SAT11/application/leberre/2dimensionalstrippacking/E07N15.cnf","lingeling"
"SAT_Competition2011/SAT11/application/leberre/2dimensionalstrippacking/E15N15.cnf","lingeling"
"SAT_Competition2011/SAT11/application/leberre/2dimensionalstrippacking/korf-15.cnf","lingeling"
"SAT_Competition2011/SAT11/application/leberre/2dimensionalstrippacking/korf-17.cnf","lingeling"
"SAT_Competition2011/SAT11/application/leberre/2dimensionalstrippacking/korf-18.cnf","lingeling"
"SAT_Competition2011/SAT11/application/manthey/traffic/traffic_3_uc_sat.cnf","lingeling"
"SAT_Competition2011/SAT11/application/manthey/traffic/traffic_3b_unknown.cnf","lingeling"
"SAT_Competition2011/SAT11/application/manthey/traffic/traffic_b_unsat.cnf","lingeling"
"SAT_Competition2011/SAT11/application/manthey/traffic/traffic_f_unknown.cnf","lingeling"
"SAT_Competition2011/SAT11/application/manthey/traffic/traffic_fb_unknown.cnf","lingeling"
"SAT_Competition2011/SAT11/application/manthey/traffic/traffic_kkb_unknown.cnf","lingeling"
"SAT_Competition2011/SAT11/application/manthey/traffic/traffic_pcb_unknown.cnf","lingeling"
"SAT_Competition2011/SAT11/application/manthey/traffic/traffic_r_sat.cnf","lingeling"
"SAT_Competition2011/SAT11/application/manthey/traffic/traffic_r_uc_sat.cnf","lingeling"
"SAT_Competition2011/SAT11/application/rintanen/SATPlanning/blocks-blocks-36-0.120-NOTKNOWN.cnf","lingeling"
"SAT_Competition2011/SAT11/application/rintanen/SATPlanning/blocks-blocks-36-0.160-NOTKNOWN.cnf","lingeling"
"SAT_Competition2011/SAT11/application/rintanen/SATPlanning/blocks-blocks-36-0.170-NOTKNOWN.cnf","lingeling"
"SAT_Competition2011/SAT11/application/rintanen/SATPlanning/blocks-blocks-36-0.180-SAT.cnf","lingeling"
"SAT_Competition2011/SAT11/application/rintanen/SATPlanning/blocks-blocks-37-1.120-NOTKNOWN.cnf","lingeling"
"SAT_Competition2011/SAT11/application/rintanen/SATPlanning/blocks-blocks-37-1.130-NOTKNOWN.cnf","lingeling"
"SAT_Competition2011/SAT11/application/rintanen/SATPlanning/blocks-blocks-37-1.150-SAT.cnf","lingeling"
"SAT_Competition2011/SAT11/application/rintanen/SATPlanning/grid-strips-grid-y-3.035-NOTKNOWN.cnf","lingeling"
"SAT_Competition2011/SAT11/application/rintanen/SATPlanning/grid-strips-grid-y-4.025-NOTKNOWN.cnf","lingeling"
"SAT_Competition2011/SAT11/application/rintanen/SATPlanning/openstacks-sequencedstrips-nonadl-nonnegated-os-sequencedstrips-p30_1.025-NOTKNOWN.cnf","lingeling"
"SAT_Competition2011/SAT11/application/rintanen/SATPlanning/openstacks-sequencedstrips-nonadl-nonnegated-os-sequencedstrips-p30_1.035-NOTKNOWN.cnf","lingeling"
"SAT_Competition2011/SAT11/application/rintanen/SATPlanning/openstacks-sequencedstrips-nonadl-nonnegated-os-sequencedstrips-p30_1.045-NOTKNOWN.cnf","lingeling"
"SAT_Competition2011/SAT11/application/rintanen/SATPlanning/openstacks-sequencedstrips-nonadl-nonnegated-os-sequencedstrips-p30_3.025-NOTKNOWN.cnf","lingeling"
"SAT_Competition2011/SAT11/application/rintanen/SATPlanning/openstacks-sequencedstrips-nonadl-nonnegated-os-sequencedstrips-p30_3.035-NOTKNOWN.cnf","lingeling"
"SAT_Competition2011/SAT11/application/rintanen/SATPlanning/openstacks-sequencedstrips-nonadl-nonnegated-os-sequencedstrips-p30_3.045-NOTKNOWN.cnf","lingeling"
"SAT_Competition2011/SAT11/application/rintanen/SATPlanning/openstacks-sequencedstrips-nonadl-nonnegated-os-sequencedstrips-p30_3.085-SAT.cnf","lingeling"
"SAT_Competition2011/SAT11/application/rintanen/SATPlanning/sokoban-sequential-p145-microban-sequential.030-NOTKNOWN.cnf","lingeling"
"SAT_Competition2011/SAT11/application/rintanen/SATPlanning/sokoban-sequential-p145-microban-sequential.040-NOTKNOWN.cnf","lingeling"
"SAT_Competition2011/SAT11/application/rintanen/SATPlanning/sokoban-sequential-p145-microban-sequential.050-NOTKNOWN.cnf","lingeling"
"SAT_Competition2011/SAT11/application/rintanen/SATPlanning/sokoban-sequential-p145-microban-sequential.060-NOTKNOWN.cnf","lingeling"
"SAT_Competition2011/SAT11/application/rintanen/SATPlanning/sokoban-sequential-p145-microban-sequential.070-NOTKNOWN.cnf","lingeling"
"SAT_Competition2011/SAT11/application/rintanen/SATPlanning/sokoban-sequential-p145-microban-sequential.080-SAT.cnf","lingeling"
"SAT_Competition2011/SAT11/application/rintanen/SATPlanning/transport-transport-city-sequential-25nodes-1000size-3degree-100mindistance-3trucks-10packages-2008seed.060-SAT.cnf","lingeling"
"SAT_Competition2011/SAT11/application/rintanen/SATPlanning/transport-transport-city-sequential-35nodes-1000size-4degree-100mindistance-4trucks-14packages-2008seed.030-NOTKNOWN.cnf","lingeling"
"SAT_Competition2011/SAT11/application/rintanen/SATPlanning/transport-transport-city-sequential-35nodes-1000size-4degree-100mindistance-4trucks-14packages-2008seed.040-NOTKNOWN.cnf","lingeling"
"SAT_Competition2011/SAT11/application/rintanen/SATPlanning/transport-transport-city-sequential-35nodes-1000size-4degree-100mindistance-4trucks-14packages-2008seed.050-SAT.cnf","lingeling"
"SAT_Competition2011/SAT11/application/rintanen/SATPlanning/transport-transport-three-cities-sequential-14nodes-1000size-4degree-100mindistance-4trucks-14packages-2008seed.020-NOTKNOWN.cnf","lingeling"
"SAT_Competition2011/SAT11/application/rintanen/SATPlanning/transport-transport-three-cities-sequential-14nodes-1000size-4degree-100mindistance-4trucks-14packages-2008seed.030-NOTKNOWN.cnf","lingeling"
"SAT_Competition2011/SAT11/application/rintanen/SATPlanning/transport-transport-three-cities-sequential-14nodes-1000size-4degree-100mindistance-4trucks-14packages-2008seed.040-NOTKNOWN.cnf","lingeling"
"SAT_Competition2011/SAT11/application/rintanen/SATPlanning/transport-transport-two-cities-sequential-15nodes-1000size-3degree-100mindistance-3trucks-10packages-2008seed.040-SAT.cnf","lingeling"
"SAT_Competition2011/SAT_RACE06/ibm-2002-21r-k95.cnf","lingeling"
"SAT_Competition2011/SAT_RACE06/velev-npe-1.0-9dlx-b71.cnf","lingeling"
"SAT_Competition2011/SAT_RACE06/velev-pipe-o-uns-1.0-7.cnf","lingeling"
"SAT_Competition2011/SAT_RACE06/velev-pipe-o-uns-1.1-6.cnf","lingeling"
"SAT_Competition2011/SAT_RACE06/velev-pipe-sat-1.0-b9.cnf","lingeling"
"SAT_Competition2011/SAT_RACE08/Q1/SAT_dat.k80_04.cnf","lingeling"
"SAT_Competition2011/SAT_RACE08/Q1/SAT_dat.k85.cnf","lingeling"
"SAT_Competition2011/SAT_RACE08/cnf/ibm-2002-30r-k85.cnf","lingeling"
"SAT_Competition2011/SAT_RACE08/cnf/ibm-2004-01-k90.cnf","lingeling"
"SAT_Competition2011/SAT_RACE08/cnf/ibm-2004-23-k100.cnf","lingeling"
"SAT_Competition2011/SAT_RACE08/cnf/manol-pipe-c10nidw.cnf","lingeling"
"SAT_Competition2011/SAT_RACE08/cnf/manol-pipe-c6bidw_i.cnf","lingeling"
"SAT_Competition2011/SAT_RACE08/cnf/manol-pipe-f7nidw.cnf","lingeling"
"SAT_Competition2011/SAT_RACE08/cnf/mizh-sha0-36-4.cnf","lingeling"
"SAT_Competition2011/SAT_RACE08/cnf/velev-vliw-uns-4.0-9-i1.cnf","lingeling"
"SAT_RACE2006/SAT-Race-Benchmarks/aloul-chnl11-13.cnf","lingeling"
"SAT_RACE2006/SAT-Race-Benchmarks/een-pico-prop01-75.cnf","lingeling"
"SAT_RACE2006/SAT-Race-Benchmarks/een-pico-prop05-50.cnf","lingeling"
"SAT_RACE2006/SAT-Race-Benchmarks/een-tip-sat-nusmv-t5.B.cnf","lingeling"
"SAT_RACE2006/SAT-Race-Benchmarks/een-tip-sat-nusmv-tt5.B.cnf","lingeling"
"SAT_RACE2006/SAT-Race-Benchmarks/een-tip-uns-nusmv-t5.B.cnf","lingeling"
"SAT_RACE2006/SAT-Race-Benchmarks/goldb-heqc-alu4mul.cnf","lingeling"
"SAT_RACE2006/SAT-Race-Benchmarks/goldb-heqc-dalumul.cnf","lingeling"
"SAT_RACE2006/SAT-Race-Benchmarks/goldb-heqc-desmul.cnf","lingeling"
"SAT_RACE2006/SAT-Race-Benchmarks/goldb-heqc-frg2mul.cnf","lingeling"
"SAT_RACE2006/SAT-Race-Benchmarks/goldb-heqc-i10mul.cnf","lingeling"
"SAT_RACE2006/SAT-Race-Benchmarks/goldb-heqc-i8mul.cnf","lingeling"
"SAT_RACE2006/SAT-Race-Benchmarks/goldb-heqc-term1mul.cnf","lingeling"
"SAT_RACE2006/SAT-Race-Benchmarks/grieu-vmpc-s05-25.cnf","lingeling"
"SAT_RACE2006/SAT-Race-Benchmarks/grieu-vmpc-s05-27.cnf","lingeling"
"SAT_RACE2006/SAT-Race-Benchmarks/grieu-vmpc-s05-28.cnf","lingeling"
"SAT_RACE2006/SAT-Race-Benchmarks/grieu-vmpc-s05-34.cnf","lingeling"
"SAT_RACE2006/SAT-Race-Benchmarks/hoons-vbmc-lucky7.cnf","lingeling"
"SAT_RACE2006/SAT-Race-Benchmarks/ibm-2002-05r-k90.cnf","lingeling"
"SAT_RACE2006/SAT-Race-Benchmarks/ibm-2002-07r-k100.cnf","lingeling"
"SAT_RACE2006/SAT-Race-Benchmarks/ibm-2002-11r1-k45.cnf","lingeling"
"SAT_RACE2006/SAT-Race-Benchmarks/ibm-2002-19r-k100.cnf","lingeling"
"SAT_RACE2006/SAT-Race-Benchmarks/ibm-2002-21r-k95.cnf","lingeling"
"SAT_RACE2006/SAT-Race-Benchmarks/ibm-2002-26r-k45.cnf","lingeling"
"SAT_RACE2006/SAT-Race-Benchmarks/ibm-2002-27r-k95.cnf","lingeling"
"SAT_RACE2006/SAT-Race-Benchmarks/ibm-2004-03-k70.cnf","lingeling"
"SAT_RACE2006/SAT-Race-Benchmarks/ibm-2004-04-k100.cnf","lingeling"
"SAT_RACE2006/SAT-Race-Benchmarks/ibm-2004-06-k90.cnf","lingeling"
"SAT_RACE2006/SAT-Race-Benchmarks/ibm-2004-19-k90.cnf","lingeling"
"SAT_RACE2006/SAT-Race-Benchmarks/ibm-2004-1_11-k25.cnf","lingeling"
"SAT_RACE2006/SAT-Race-Benchmarks/ibm-2004-1_31_2-k25.cnf","lingeling"
"SAT_RACE2006/SAT-Race-Benchmarks/ibm-2004-26-k25.cnf","lingeling"
"SAT_RACE2006/SAT-Race-Benchmarks/ibm-2004-2_02_1-k100.cnf","lingeling"
"SAT_RACE2006/SAT-Race-Benchmarks/ibm-2004-2_14-k45.cnf","lingeling"
"SAT_RACE2006/SAT-Race-Benchmarks/ibm-2004-3_02_1-k95.cnf","lingeling"
"SAT_RACE2006/SAT-Race-Benchmarks/ibm-2004-3_02_3-k95.cnf","lingeling"
"SAT_RACE2006/SAT-Race-Benchmarks/ibm-2004-3_11-k60.cnf","lingeling"
"SAT_RACE2006/SAT-Race-Benchmarks/ibm-2004-6_02_3-k100.cnf","lingeling"
"SAT_RACE2006/SAT-Race-Benchmarks/manol-pipe-c10id_s.cnf","lingeling"
"SAT_RACE2006/SAT-Race-Benchmarks/manol-pipe-c10nidw_s.cnf","lingeling"
"SAT_RACE2006/SAT-Race-Benchmarks/manol-pipe-c6nidw_i.cnf","lingeling"
"SAT_RACE2006/SAT-Race-Benchmarks/manol-pipe-c7b.cnf","lingeling"
"SAT_RACE2006/SAT-Race-Benchmarks/manol-pipe-c7b_i.cnf","lingeling"
"SAT_RACE2006/SAT-Race-Benchmarks/manol-pipe-c7bidw_i.cnf","lingeling"
"SAT_RACE2006/SAT-Race-Benchmarks/manol-pipe-c7nidw.cnf","lingeling"
"SAT_RACE2006/SAT-Race-Benchmarks/manol-pipe-c9.cnf","lingeling"
"SAT_RACE2006/SAT-Race-Benchmarks/manol-pipe-c9nidw_s.cnf","lingeling"
"SAT_RACE2006/SAT-Race-Benchmarks/manol-pipe-f10ni.cnf","lingeling"
"SAT_RACE2006/SAT-Race-Benchmarks/manol-pipe-f6bi.cnf","lingeling"
"SAT_RACE2006/SAT-Race-Benchmarks/manol-pipe-f7idw.cnf","lingeling"
"SAT_RACE2006/SAT-Race-Benchmarks/manol-pipe-f9b.cnf","lingeling"
"SAT_RACE2006/SAT-Race-Benchmarks/manol-pipe-f9n.cnf","lingeling"
"SAT_RACE2006/SAT-Race-Benchmarks/manol-pipe-g10b.cnf","lingeling"
"SAT_RACE2006/SAT-Race-Benchmarks/manol-pipe-g10bidw.cnf","lingeling"
"SAT_RACE2006/SAT-Race-Benchmarks/manol-pipe-g10id.cnf","lingeling"
"SAT_RACE2006/SAT-Race-Benchmarks/manol-pipe-g10nid.cnf","lingeling"
"SAT_RACE2006/SAT-Race-Benchmarks/manol-pipe-g6bi.cnf","lingeling"
"SAT_RACE2006/SAT-Race-Benchmarks/manol-pipe-g7nidw.cnf","lingeling"
"SAT_RACE2006/SAT-Race-Benchmarks/maris-s03-gripper11.cnf","lingeling"
"SAT_RACE2006/SAT-Race-Benchmarks/mizh-md5-47-3.cnf","lingeling"
"SAT_RACE2006/SAT-Race-Benchmarks/mizh-md5-47-4.cnf","lingeling"
"SAT_RACE2006/SAT-Race-Benchmarks/mizh-md5-47-5.cnf","lingeling"
"SAT_RACE2006/SAT-Race-Benchmarks/mizh-md5-48-2.cnf","lingeling"
"SAT_RACE2006/SAT-Race-Benchmarks/mizh-md5-48-5.cnf","lingeling"
"SAT_RACE2006/SAT-Race-Benchmarks/mizh-sha0-35-2.cnf","lingeling"
"SAT_RACE2006/SAT-Race-Benchmarks/mizh-sha0-35-3.cnf","lingeling"
"SAT_RACE2006/SAT-Race-Benchmarks/mizh-sha0-35-4.cnf","lingeling"
"SAT_RACE2006/SAT-Race-Benchmarks/mizh-sha0-35-5.cnf","lingeling"
"SAT_RACE2006/SAT-Race-Benchmarks/mizh-sha0-36-2.cnf","lingeling"
"SAT_RACE2006/SAT-Race-Benchmarks/narain-vpn-clauses-6.cnf","lingeling"
"SAT_RACE2006/SAT-Race-Benchmarks/schup-l2s-guid-1-k56.cnf","lingeling"
"SAT_RACE2006/SAT-Race-Benchmarks/schup-l2s-motst-2-k315.cnf","lingeling"
"SAT_RACE2006/SAT-Race-Benchmarks/simon-s02-w08-18.cnf","lingeling"
"SAT_RACE2006/SAT-Race-Benchmarks/simon-s02b-dp11u10.cnf","lingeling"
"SAT_RACE2006/SAT-Race-Benchmarks/simon-s02b-k2f-gr-rcs-w8.cnf","lingeling"
"SAT_RACE2006/SAT-Race-Benchmarks/simon-s02b-r4b1k1.1.cnf","lingeling"
"SAT_RACE2006/SAT-Race-Benchmarks/simon-s03-fifo8-300.cnf","lingeling"
"SAT_RACE2006/SAT-Race-Benchmarks/simon-s03-fifo8-400.cnf","lingeling"
"SAT_RACE2006/SAT-Race-Benchmarks/vange-col-abb313GPIA-9-c.cnf","lingeling"
"SAT_RACE2006/SAT-Race-Benchmarks/vange-col-inithx.i.1-cn-54.cnf","lingeling"
"SAT_RACE2006/SAT-Race-Benchmarks/velev-engi-uns-1.0-4nd.cnf","lingeling"
"SAT_RACE2006/SAT-Race-Benchmarks/velev-engi-uns-1.0-5c1.cnf","lingeling"
"SAT_RACE2006/SAT-Race-Benchmarks/velev-fvp-sat-3.0-b18.cnf","lingeling"
"SAT_RACE2006/SAT-Race-Benchmarks/velev-live-uns-2.0-ebuf.cnf","lingeling"
"SAT_RACE2006/SAT-Race-Benchmarks/velev-npe-1.0-9dlx-b71.cnf","lingeling"
"SAT_RACE2006/SAT-Race-Benchmarks/velev-pipe-o-uns-1.0-7.cnf","lingeling"
"SAT_RACE2006/SAT-Race-Benchmarks/velev-pipe-o-uns-1.1-6.cnf","lingeling"
"SAT_RACE2006/SAT-Race-Benchmarks/velev-pipe-sat-1.0-b10.cnf","lingeling"
"SAT_RACE2006/SAT-Race-Benchmarks/velev-pipe-sat-1.0-b7.cnf","lingeling"
"SAT_RACE2006/SAT-Race-Benchmarks/velev-pipe-sat-1.0-b9.cnf","lingeling"
"SAT_RACE2006/SAT-Race-Benchmarks/velev-pipe-sat-1.1-b7.cnf","lingeling"
"SAT_RACE2006/SAT-Race-Benchmarks/velev-pipe-uns-1.0-8.cnf","lingeling"
"SAT_RACE2006/SAT-Race-Benchmarks/velev-pipe-uns-1.0-9.cnf","lingeling"
"SAT_RACE2006/SAT-Race-Benchmarks/velev-pipe-uns-1.1-7.cnf","lingeling"
"SAT_RACE2006/SAT-Race-Benchmarks/velev-vliw-sat-2.0-b6.cnf","lingeling"
"SAT_RACE2006/SAT-Race-Benchmarks/velev-vliw-sat-4.0-b1.cnf","lingeling"
"SAT_RACE2006/SAT-Race-Benchmarks/velev-vliw-sat-4.0-b3.cnf","lingeling"
"SAT_RACE2006/SAT-Race-Benchmarks/velev-vliw-sat-4.0-b4.cnf","lingeling"
"SAT_RACE2006/SAT-Race-Benchmarks/velev-vliw-uns-2.0-iq4.cnf","lingeling"
"SAT_RACE2006/SAT-Race-Benchmarks/velev-vliw-uns-4.0-9C1.cnf","lingeling"
"SAT_RACE2006/SAT-Race_TS_1/een-tipb-sr06-par1.cnf","lingeling"
"SAT_RACE2006/SAT-Race_TS_1/een-tipb-sr06-tc6b.cnf","lingeling"
"SAT_RACE2006/SAT-Race_TS_1/goldb-heqc-desmul.cnf","lingeling"
"SAT_RACE2006/SAT-Race_TS_1/goldb-heqc-rotmul.cnf","lingeling"
"SAT_RACE2006/SAT-Race_TS_1/grieu-vmpc-s05-24s.cnf","lingeling"
"SAT_RACE2006/SAT-Race_TS_1/grieu-vmpc-s05-27r.cnf","lingeling"
"SAT_RACE2006/SAT-Race_TS_1/hoons-vbmc-s04-05.cnf","lingeling"
"SAT_RACE2006/SAT-Race_TS_1/hoons-vbmc-s04-07.cnf","lingeling"
"SAT_RACE2006/SAT-Race_TS_1/manol-pipe-c10b.cnf","lingeling"
"SAT_RACE2006/SAT-Race_TS_1/manol-pipe-c10ni_s.cnf","lingeling"
"SAT_RACE2006/SAT-Race_TS_1/manol-pipe-c6id.cnf","lingeling"
"SAT_RACE2006/SAT-Race_TS_1/manol-pipe-c6n.cnf","lingeling"
"SAT_RACE2006/SAT-Race_TS_1/manol-pipe-c6nid_s.cnf","lingeling"
"SAT_RACE2006/SAT-Race_TS_1/manol-pipe-c7_i.cnf","lingeling"
"SAT_RACE2006/SAT-Race_TS_1/manol-pipe-c7idw.cnf","lingeling"
"SAT_RACE2006/SAT-Race_TS_1/manol-pipe-c8_i.cnf","lingeling"
"SAT_RACE2006/SAT-Race_TS_1/manol-pipe-c8b_i.cnf","lingeling"
"SAT_RACE2006/SAT-Race_TS_1/manol-pipe-c8n.cnf","lingeling"
"SAT_RACE2006/SAT-Race_TS_1/manol-pipe-f6b.cnf","lingeling"
"SAT_RACE2006/SAT-Race_TS_1/manol-pipe-f6n.cnf","lingeling"
"SAT_RACE2006/SAT-Race_TS_1/manol-pipe-g10idw.cnf","lingeling"
"SAT_RACE2006/SAT-Race_TS_1/manol-pipe-g6bid.cnf","lingeling"
"SAT_RACE2006/SAT-Race_TS_1/manol-pipe-g7n.cnf","lingeling"
"SAT_RACE2006/SAT-Race_TS_1/narai-vpn-10s.cnf","lingeling"
"SAT_RACE2006/SAT-Race_TS_1/schup-l2s-s04-abp4.cnf","lingeling"
"SAT_RACE2006/SAT-Race_TS_1/simon-mixed-s02bis-01.cnf","lingeling"
"SAT_RACE2006/SAT-Race_TS_1/simon-mixed-s02bis-03.cnf","lingeling"
"SAT_RACE2006/SAT-Race_TS_1/simon-mixed-s02bis-05.cnf","lingeling"
"SAT_RACE2006/SAT-Race_TS_1/stric-bmc-ibm-10.cnf","lingeling"
"SAT_RACE2006/SAT-Race_TS_1/stric-bmc-ibm-12.cnf","lingeling"
"SAT_RACE2006/SAT-Race_TS_1/vange-color-inc-54.cnf","lingeling"
"SAT_RACE2006/SAT-Race_TS_1/velev-eng-uns-1.0-04.cnf","lingeling"
"SAT_RACE2006/SAT-Race_TS_1/velev-eng-uns-1.0-04a.cnf","lingeling"
"SAT_RACE2006/SAT-Race_TS_1/velev-fvp-sat-3.0-07.cnf","lingeling"
"SAT_RACE2006/SAT-Race_TS_1/velev-fvp-sat-3.0-12.cnf","lingeling"
"SAT_RACE2006/SAT-Race_TS_1/velev-live-sat-1.0-01.cnf","lingeling"
"SAT_RACE2006/SAT-Race_TS_1/velev-live-sat-1.0-03.cnf","lingeling"
"SAT_RACE2006/SAT-Race_TS_1/velev-npe-1.0-02.cnf","lingeling"
"SAT_RACE2006/SAT-Race_TS_1/velev-npe-1.0-03.cnf","lingeling"
"SAT_RACE2006/SAT-Race_TS_1/velev-pipe-1.0-08.cnf","lingeling"
"SAT_RACE2006/SAT-Race_TS_1/velev-pipe-1.0-09.cnf","lingeling"
"SAT_RACE2006/SAT-Race_TS_1/velev-pipe-1.1-03.cnf","lingeling"
"SAT_RACE2006/SAT-Race_TS_1/velev-pipe-1.1-05.cnf","lingeling"
"SAT_RACE2006/SAT-Race_TS_1/velev-pipe-uns-1.0-08.cnf","lingeling"
"SAT_RACE2006/SAT-Race_TS_1/velev-pipe-uns-1.1-05.cnf","lingeling"
"SAT_RACE2006/SAT-Race_TS_1/velev-pipe-uns-1.1-07.cnf","lingeling"
"SAT_RACE2006/SAT-Race_TS_1/velev-sss-1.0-cl.cnf","lingeling"
"SAT_RACE2006/SAT-Race_TS_1/velev-vliw-sat-2.0-02.cnf","lingeling"
"SAT_RACE2006/SAT-Race_TS_1/velev-vliw-sat-2.0-04.cnf","lingeling"
"SAT_RACE2006/SAT-Race_TS_1/velev-vliw-uns-2.0-02.cnf","lingeling"
"SAT_RACE2006/SAT-Race_TS_2/aloul-sr06-chnl10-13.cnf","lingeling"
"SAT_RACE2006/SAT-Race_TS_2/een-pico-sr06-pr02-02.cnf","lingeling"
"SAT_RACE2006/SAT-Race_TS_2/goldb-heqc-i8mul.cnf","lingeling"
"SAT_RACE2006/SAT-Race_TS_2/goldb-heqc-k2mul.cnf","lingeling"
"SAT_RACE2006/SAT-Race_TS_2/grieu-vmpc-s05-05s.cnf","lingeling"
"SAT_RACE2006/SAT-Race_TS_2/hoons-vbmc-s04-06.cnf","lingeling"
"SAT_RACE2006/SAT-Race_TS_2/hoons-vbmc-s04-07.cnf","lingeling"
"SAT_RACE2006/SAT-Race_TS_2/manol-pipe-c10bi_s.cnf","lingeling"
"SAT_RACE2006/SAT-Race_TS_2/manol-pipe-c10id_s.cnf","lingeling"
"SAT_RACE2006/SAT-Race_TS_2/manol-pipe-c10nid_s.cnf","lingeling"
"SAT_RACE2006/SAT-Race_TS_2/manol-pipe-c6b_i.cnf","lingeling"
"SAT_RACE2006/SAT-Race_TS_2/manol-pipe-c6bid_i.cnf","lingeling"
"SAT_RACE2006/SAT-Race_TS_2/manol-pipe-c6idw_s.cnf","lingeling"
"SAT_RACE2006/SAT-Race_TS_2/manol-pipe-c6ni_s.cnf","lingeling"
"SAT_RACE2006/SAT-Race_TS_2/manol-pipe-c6nidw.cnf","lingeling"
"SAT_RACE2006/SAT-Race_TS_2/manol-pipe-c7_i.cnf","lingeling"
"SAT_RACE2006/SAT-Race_TS_2/manol-pipe-c7idw_s.cnf","lingeling"
"SAT_RACE2006/SAT-Race_TS_2/manol-pipe-c8b_i.cnf","lingeling"
"SAT_RACE2006/SAT-Race_TS_2/manol-pipe-cha05-113.cnf","lingeling"
"SAT_RACE2006/SAT-Race_TS_2/manol-pipe-cha05-143.cnf","lingeling"
"SAT_RACE2006/SAT-Race_TS_2/manol-pipe-f6i.cnf","lingeling"
"SAT_RACE2006/SAT-Race_TS_2/manol-pipe-f6nid.cnf","lingeling"
"SAT_RACE2006/SAT-Race_TS_2/manol-pipe-f7idw.cnf","lingeling"
"SAT_RACE2006/SAT-Race_TS_2/manol-pipe-g10ni.cnf","lingeling"
"SAT_RACE2006/SAT-Race_TS_2/manol-pipe-g8b.cnf","lingeling"
"SAT_RACE2006/SAT-Race_TS_2/manol-pipe-g8bidw.cnf","lingeling"
"SAT_RACE2006/SAT-Race_TS_2/manol-pipe-g8n.cnf","lingeling"
"SAT_RACE2006/SAT-Race_TS_2/miza-sr06-md5-47-03.cnf","lingeling"
"SAT_RACE2006/SAT-Race_TS_2/miza-sr06-md5-48-01.cnf","lingeling"
"SAT_RACE2006/SAT-Race_TS_2/miza-sr06-sha0-35-03.cnf","lingeling"
"SAT_RACE2006/SAT-Race_TS_2/narai-vpn-sat05-02s.cnf","lingeling"
"SAT_RACE2006/SAT-Race_TS_2/narai-vpn-sat05-07.cnf","lingeling"
"SAT_RACE2006/SAT-Race_TS_2/schup-l2s-s04-valves.cnf","lingeling"
"SAT_RACE2006/SAT-Race_TS_2/schup-l2s-s04s2-09.cnf","lingeling"
"SAT_RACE2006/SAT-Race_TS_2/simon-mixed-s02bis-05.cnf","lingeling"
"SAT_RACE2006/SAT-Race_TS_2/velev-dlx-uns-1.0-05.cnf","lingeling"
"SAT_RACE2006/SAT-Race_TS_2/velev-live-2.0-02.cnf","lingeling"
"SAT_RACE2006/SAT-Race_TS_2/velev-live-sat-1.0-05.cnf","lingeling"
"SAT_RACE2006/SAT-Race_TS_2/velev-pipe-oun-1.0-04.cnf","lingeling"
"SAT_RACE2006/SAT-Race_TS_2/velev-pipe-oun-1.1-05.cnf","lingeling"
"SAT_RACE2006/SAT-Race_TS_2/velev-pipe-sat-1.0-01.cnf","lingeling"
"SAT_RACE2006/SAT-Race_TS_2/velev-pipe-sat-1.0-03.cnf","lingeling"
"SAT_RACE2006/SAT-Race_TS_2/velev-pipe-sat-1.1-01.cnf","lingeling"
"SAT_RACE2006/SAT-Race_TS_2/velev-pipe-sat-1.1-03.cnf","lingeling"
"SAT_RACE2006/SAT-Race_TS_2/velev-pipe-sat-1.1-09.cnf","lingeling"
"SAT_RACE2006/SAT-Race_TS_2/velev-pipe-uns-1.0-14.cnf","lingeling"
"SAT_RACE2006/SAT-Race_TS_2/velev-pipe-uns-1.1-03.cnf","lingeling"
"SAT_RACE2006/SAT-Race_TS_2/velev-pipe-uns-1.1-08.cnf","lingeling"
"SAT_RACE2006/SAT-Race_TS_2/velev-sss-1.0-05.cnf","lingeling"
"SAT_RACE2006/SAT-Race_TS_2/velev-vliw-sat-4.0-03.cnf","lingeling"
"SAT_RACE2008/aloul-chnl11-13.cnf","lingeling"
"SAT_RACE2008/anbul-dated-5-15-u.cnf","lingeling"
"SAT_RACE2008/anbul-part-10-13-s.cnf","lingeling"
"SAT_RACE2008/anbul-part-10-15-s.cnf","lingeling"
"SAT_RACE2008/babic-dspam-vc1080.cnf","lingeling"
"SAT_RACE2008/babic-dspam-vc949.cnf","lingeling"
"SAT_RACE2008/babic-dspam-vc973.cnf","lingeling"
"SAT_RACE2008/cmu-bmc-barrel6.cnf","lingeling"
"SAT_RACE2008/cmu-bmc-longmult13.cnf","lingeling"
"SAT_RACE2008/cmu-bmc-longmult15.cnf","lingeling"
"SAT_RACE2008/een-pico-prop00-75.cnf","lingeling"
"SAT_RACE2008/een-pico-prop05-75.cnf","lingeling"
"SAT_RACE2008/een-tip-sat-nusmv-t5.B.cnf","lingeling"
"SAT_RACE2008/een-tip-sat-texas-tp-5e.cnf","lingeling"
"SAT_RACE2008/een-tip-sat-vis-eisen.cnf","lingeling"
"SAT_RACE2008/fuhs-aprove-15.cnf","lingeling"
"SAT_RACE2008/fuhs-aprove-16.cnf","lingeling"
"SAT_RACE2008/goldb-heqc-alu4mul.cnf","lingeling"
"SAT_RACE2008/goldb-heqc-dalumul.cnf","lingeling"
"SAT_RACE2008/goldb-heqc-frg1mul.cnf","lingeling"
"SAT_RACE2008/goldb-heqc-x1mul.cnf","lingeling"
"SAT_RACE2008/grieu-vmpc-27.cnf","lingeling"
"SAT_RACE2008/grieu-vmpc-31.cnf","lingeling"
"SAT_RACE2008/hoons-vbmc-lucky7.cnf","lingeling"
"SAT_RACE2008/ibm-2002-04r-k80.cnf","lingeling"
"SAT_RACE2008/ibm-2002-11r1-k45.cnf","lingeling"
"SAT_RACE2008/ibm-2002-18r-k90.cnf","lingeling"
"SAT_RACE2008/ibm-2002-20r-k75.cnf","lingeling"
"SAT_RACE2008/ibm-2002-22r-k60.cnf","lingeling"
"SAT_RACE2008/ibm-2002-22r-k75.cnf","lingeling"
"SAT_RACE2008/ibm-2002-22r-k80.cnf","lingeling"
"SAT_RACE2008/ibm-2002-23r-k90.cnf","lingeling"
"SAT_RACE2008/ibm-2002-24r3-k100.cnf","lingeling"
"SAT_RACE2008/ibm-2002-25r-k10.cnf","lingeling"
"SAT_RACE2008/ibm-2002-29r-k75.cnf","lingeling"
"SAT_RACE2008/ibm-2002-30r-k85.cnf","lingeling"
"SAT_RACE2008/ibm-2002-31_1r3-k30.cnf","lingeling"
"SAT_RACE2008/ibm-2004-01-k90.cnf","lingeling"
"SAT_RACE2008/ibm-2004-1_11-k80.cnf","lingeling"
"SAT_RACE2008/ibm-2004-23-k100.cnf","lingeling"
"SAT_RACE2008/ibm-2004-23-k80.cnf","lingeling"
"SAT_RACE2008/ibm-2004-29-k25.cnf","lingeling"
"SAT_RACE2008/ibm-2004-29-k55.cnf","lingeling"
"SAT_RACE2008/ibm-2004-3_02_3-k95.cnf","lingeling"
"SAT_RACE2008/jarvi-eq-atree-9.cnf","lingeling"
"SAT_RACE2008/manol-pipe-c10nid_i.cnf","lingeling"
"SAT_RACE2008/manol-pipe-c10nidw.cnf","lingeling"
"SAT_RACE2008/manol-pipe-c6bidw_i.cnf","lingeling"
"SAT_RACE2008/manol-pipe-c8nidw.cnf","lingeling"
"SAT_RACE2008/manol-pipe-c9n_i.cnf","lingeling"
"SAT_RACE2008/manol-pipe-f7nidw.cnf","lingeling"
"SAT_RACE2008/manol-pipe-f9b.cnf","lingeling"
"SAT_RACE2008/manol-pipe-g10bid_i.cnf","lingeling"
"SAT_RACE2008/manol-pipe-g10nid.cnf","lingeling"
"SAT_RACE2008/manol-pipe-g8nidw.cnf","lingeling"
"SAT_RACE2008/marijn-philips.cnf","lingeling"
"SAT_RACE2008/maris-s03-gripper11.cnf","lingeling"
"SAT_RACE2008/mizh-md5-47-3.cnf","lingeling"
"SAT_RACE2008/mizh-md5-47-4.cnf","lingeling"
"SAT_RACE2008/mizh-md5-47-5.cnf","lingeling"
"SAT_RACE2008/mizh-md5-48-2.cnf","lingeling"
"SAT_RACE2008/mizh-md5-48-5.cnf","lingeling"
"SAT_RACE2008/mizh-sha0-35-3.cnf","lingeling"
"SAT_RACE2008/mizh-sha0-35-4.cnf","lingeling"
"SAT_RACE2008/mizh-sha0-36-1.cnf","lingeling"
"SAT_RACE2008/mizh-sha0-36-3.cnf","lingeling"
"SAT_RACE2008/mizh-sha0-36-4.cnf","lingeling"
"SAT_RACE2008/narain-vpn-clauses-10.cnf","lingeling"
"SAT_RACE2008/narain-vpn-clauses-8.cnf","lingeling"
"SAT_RACE2008/palac-sn7-ipc5-h16.cnf","lingeling"
"SAT_RACE2008/palac-uts-l06-ipc5-h34.cnf","lingeling"
"SAT_RACE2008/post-c32s-col400-16.cnf","lingeling"
"SAT_RACE2008/post-c32s-gcdm16-22.cnf","lingeling"
"SAT_RACE2008/post-c32s-gcdm16-23.cnf","lingeling"
"SAT_RACE2008/post-c32s-ss-8.cnf","lingeling"
"SAT_RACE2008/post-cbmc-aes-d-r1.cnf","lingeling"
"SAT_RACE2008/post-cbmc-aes-d-r2.cnf","lingeling"
"SAT_RACE2008/post-cbmc-aes-ee-r2.cnf","lingeling"
"SAT_RACE2008/post-cbmc-aes-ee-r3.cnf","lingeling"
"SAT_RACE2008/post-cbmc-aes-ele.cnf","lingeling"
"SAT_RACE2008/post-cbmc-zfcp-2.8-u2.cnf","lingeling"
"SAT_RACE2008/schup-l2s-abp4-1-k31.cnf","lingeling"
"SAT_RACE2008/schup-l2s-bc56s-1-k391.cnf","lingeling"
"SAT_RACE2008/schup-l2s-motst-2-k315.cnf","lingeling"
"SAT_RACE2008/simon-s02-f2clk-50.cnf","lingeling"
"SAT_RACE2008/simon-s02b-r4b1k1.1.cnf","lingeling"
"SAT_RACE2008/simon-s02b-r4b1k1.2.cnf","lingeling"
"SAT_RACE2008/simon-s03-fifo8-400.cnf","lingeling"
"SAT_RACE2008/simon-s03-w08-15.cnf","lingeling"
"SAT_RACE2008/vange-col-abb313GPIA-9-c.cnf","lingeling"
"SAT_RACE2008/velev-engi-uns-1.0-4nd.cnf","lingeling"
"SAT_RACE2008/velev-fvp-sat-3.0-b18.cnf","lingeling"
"SAT_RACE2008/velev-npe-1.0-9dlx-b71.cnf","lingeling"
"SAT_RACE2008/velev-vliw-sat-4.0-b4.cnf","lingeling"
"SAT_RACE2008/velev-vliw-sat-4.0-b8.cnf","lingeling"
"SAT_RACE2008/velev-vliw-uns-2.0-iq1.cnf","lingeling"
"SAT_RACE2008/velev-vliw-uns-2.0-iq2.cnf","lingeling"
"SAT_RACE2008/velev-vliw-uns-2.0-uq5.cnf","lingeling"
"SAT_RACE2008/velev-vliw-uns-4.0-9-i1.cnf","lingeling"
"SAT_RACE2008/velev-vliw-uns-4.0-9.cnf","lingeling"
